1

   Abaqus 2020                                  Date 31-May-2021   Time 02:03:03
   For use by PURDUE UNIVERSITY under license from Dassault Systemes or its subsidiary.

                                                                                 
                                                                                 
 STEP    1     INCREMENT     1     STEP TIME    0.00    


                        S T E P       1     S T A T I C   A N A L Y S I S


                                                                                          

     AUTOMATIC TIME CONTROL WITH -
          A SUGGESTED INITIAL TIME INCREMENT OF                 1.00    
          AND A TOTAL TIME PERIOD OF                            10.0    
          THE MINIMUM TIME INCREMENT ALLOWED IS                1.000E-04
          THE MAXIMUM TIME INCREMENT ALLOWED IS                 1.00    

     LINEAR EQUATION SOLVER TYPE         DIRECT SPARSE

 CONVERGENCE TOLERANCE PARAMETERS FOR FORCE    
     CRITERION FOR RESIDUAL FORCE     FOR A NONLINEAR PROBLEM          5.000E-03
     CRITERION FOR DISP.    CORRECTION IN A NONLINEAR PROBLEM          1.000E-02
     INITIAL VALUE OF TIME AVERAGE FORCE                               1.000E-02
     AVERAGE FORCE     IS TIME AVERAGE FORCE    
     ALTERNATE CRIT. FOR RESIDUAL FORCE     FOR A NONLINEAR PROBLEM    2.000E-02
     CRITERION FOR ZERO FORCE     RELATIVE TO TIME AVRG. FORCE         1.000E-05
     CRITERION FOR RESIDUAL FORCE     WHEN THERE IS ZERO FLUX          1.000E-05
     CRITERION FOR DISP.    CORRECTION WHEN THERE IS ZERO FLUX         1.000E-03
     CRITERION FOR RESIDUAL FORCE     FOR A LINEAR INCREMENT           1.000E-08
     FIELD CONVERSION RATIO                                             1.00    
     CRITERION FOR ZERO FORCE     REL. TO TIME AVRG. MAX. FORCE        1.000E-05
     CRITERION FOR ZERO DISP.    RELATIVE TO CHARACTERISTIC LENGTH     1.000E-08

 CONVERGENCE TOLERANCE PARAMETERS FOR MOMENT   
     CRITERION FOR RESIDUAL MOMENT    FOR A NONLINEAR PROBLEM          5.000E-03
     CRITERION FOR ROTATION CORRECTION IN A NONLINEAR PROBLEM          1.000E-02
     INITIAL VALUE OF TIME AVERAGE MOMENT                              1.000E-02
     AVERAGE MOMENT    IS TIME AVERAGE MOMENT   
     ALTERNATE CRIT. FOR RESIDUAL MOMENT    FOR A NONLINEAR PROBLEM    2.000E-02
     CRITERION FOR ZERO MOMENT    RELATIVE TO TIME AVRG. MOMENT        1.000E-05
     CRITERION FOR RESIDUAL MOMENT    WHEN THERE IS ZERO FLUX          1.000E-05
     CRITERION FOR ROTATION CORRECTION WHEN THERE IS ZERO FLUX         1.000E-03
     CRITERION FOR RESIDUAL MOMENT    FOR A LINEAR INCREMENT           1.000E-08
     FIELD CONVERSION RATIO                                             1.00    
     CRITERION FOR ZERO MOMENT    REL. TO TIME AVRG. MAX. MOMENT       1.000E-05

 CONVERGENCE TOLERANCE PARAMETERS FOR CAV. VOL.
     CRITERION FOR RESIDUAL CAV. VOL. FOR A NONLINEAR PROBLEM          5.000E-03
     CRITERION FOR H.PRESS. CORRECTION IN A NONLINEAR PROBLEM          1.000E-02
     INITIAL VALUE OF TIME AVERAGE CAV. VOL.                           1.000E-02
     AVERAGE CAV. VOL. IS TIME AVERAGE CAV. VOL.
     ALTERNATE CRIT. FOR RESIDUAL CAV. VOL. FOR A NONLINEAR PROBLEM    2.000E-02
     CRITERION FOR ZERO CAV. VOL. RELATIVE TO TIME AVRG. CAV. VOL.     1.000E-05
     CRITERION FOR RESIDUAL CAV. VOL. WHEN THERE IS ZERO FLUX          1.000E-05
     CRITERION FOR H.PRESS. CORRECTION WHEN THERE IS ZERO FLUX         1.000E-03
     CRITERION FOR RESIDUAL CAV. VOL. FOR A LINEAR INCREMENT           1.000E-08
     FIELD CONVERSION RATIO                                             1.00    
     CRITERION FOR ZERO CAV. VOL. REL. TO TIME AVRG. MAX. CAV. VOL.    1.000E-05

     VOLUMETRIC STRAIN COMPATIBILITY TOLERANCE FOR HYBRID SOLIDS       1.000E-05
     AXIAL STRAIN COMPATIBILITY TOLERANCE FOR HYBRID BEAMS             1.000E-05
     TRANS. SHEAR STRAIN COMPATIBILITY TOLERANCE FOR HYBRID BEAMS      1.000E-05
     SOFT CONTACT CONSTRAINT COMPATIBILITY TOLERANCE FOR P>P0          5.000E-03
     SOFT CONTACT CONSTRAINT COMPATIBILITY TOLERANCE FOR P=0.0         0.100    
     CONTACT FORCE ERROR TOLERANCE FOR CONVERT SDI=YES                 1.00    
     DISPLACEMENT COMPATIBILITY TOLERANCE FOR DCOUP ELEMENTS           1.000E-05
     ROTATION COMPATIBILITY TOLERANCE FOR DCOUP ELEMENTS               1.000E-05

 EQUILIBRIUM WILL BE CHECKED FOR SEVERE DISCONTINUITY ITERATIONS

 TIME INCREMENTATION CONTROL PARAMETERS:
     FIRST EQUILIBRIUM ITERATION FOR CONSECUTIVE DIVERGENCE CHECK              4
     EQUILIBRIUM ITERATION AT WHICH LOG. CONVERGENCE RATE CHECK BEGINS         8
     EQUILIBRIUM ITERATION AFTER WHICH ALTERNATE RESIDUAL IS USED              9
     MAXIMUM EQUILIBRIUM ITERATIONS ALLOWED                                   16
     EQUILIBRIUM ITERATION COUNT FOR CUT-BACK IN NEXT INCREMENT               10
     MAXIMUM EQUILIB. ITERS IN TWO INCREMENTS FOR TIME INCREMENT INCREASE      4
     MAXIMUM ITERATIONS FOR SEVERE DISCONTINUITIES                            50
     MAXIMUM ATTEMPTS ALLOWED IN AN INCREMENT                                  5
     MAXIMUM DISCON. ITERS IN TWO INCREMENTS FOR TIME INCREMENT INCREASE      50
     MAXIMUM CONTACT AUGMENTATIONS FOR *SURFACE BEHAVIOR,AUGMENTED LAGRANGE   50
     CUT-BACK FACTOR AFTER DIVERGENCE                                 0.2500    
     CUT-BACK FACTOR FOR TOO SLOW CONVERGENCE                         0.5000    
     CUT-BACK FACTOR AFTER TOO MANY EQUILIBRIUM ITERATIONS            0.7500    
     CUT-BACK FACTOR AFTER TOO MANY SEVERE DISCONTINUITY ITERATIONS   0.2500    
     CUT-BACK FACTOR AFTER PROBLEMS IN ELEMENT ASSEMBLY               0.2500    
     INCREASE FACTOR AFTER TWO INCREMENTS THAT CONVERGE QUICKLY        1.500    
     MAX. TIME INCREMENT INCREASE FACTOR ALLOWED                       1.500    
     MAX. TIME INCREMENT INCREASE FACTOR ALLOWED (DYNAMICS)            1.250    
     MAX. TIME INCREMENT INCREASE FACTOR ALLOWED (DIFFUSION)           2.000    
     MINIMUM TIME INCREMENT RATIO FOR EXTRAPOLATION TO OCCUR          0.1000    
     MAX. RATIO OF TIME INCREMENT TO STABILITY LIMIT                   1.000    
     FRACTION OF STABILITY LIMIT FOR NEW TIME INCREMENT               0.9500    
     TIME INCREMENT INCREASE FACTOR BEFORE A TIME POINT                1.000    
     GLOBAL STABILIZATION CONTROL IS NOT USED

          PRINT OF INCREMENT NUMBER, TIME, ETC., EVERY    1  INCREMENTS

     THE MAXIMUM NUMBER OF INCREMENTS IN THIS STEP IS                     100

          LARGE DISPLACEMENT THEORY WILL BE USED

     LINEAR EXTRAPOLATION WILL BE USED

     CHARACTERISTIC ELEMENT LENGTH     0.222    

     DETAILS REGARDING ACTUAL SOLUTION WAVEFRONT REQUESTED

     DETAILED OUTPUT OF DIAGNOSTICS TO DATABASE REQUESTED

     PRINT OF INCREMENT NUMBER, TIME, ETC., TO THE MESSAGE FILE EVERY     1  INCREMENTS

     COLLECTING MODEL CONSTRAINT INFORMATION FOR OVERCONSTRAINT CHECKS

     COLLECTING STEP CONSTRAINT INFORMATION FOR OVERCONSTRAINT CHECKS
 ***************************************************
 deformation gradient
   1.00000000000000       0.000000000000000E+000  0.000000000000000E+000
  0.000000000000000E+000   1.00000000000000       0.000000000000000E+000
  0.000000000000000E+000  0.000000000000000E+000   1.00000000000000     
 J
   1.00000000000000     
 C
   1.00000000000000       0.000000000000000E+000  0.000000000000000E+000
  0.000000000000000E+000   1.00000000000000       0.000000000000000E+000
  0.000000000000000E+000  0.000000000000000E+000   1.00000000000000     
 Chat
   1.00000000000000       0.000000000000000E+000  0.000000000000000E+000
  0.000000000000000E+000   1.00000000000000       0.000000000000000E+000
  0.000000000000000E+000  0.000000000000000E+000   1.00000000000000     
 I1hat, I2hat, I4ahat, I4shat
   3.00000000000000        3.00000000000000        1.00000000000000     
   1.00000000000000     
 S^hat
  3.063952448142485E-003  0.000000000000000E+000  0.000000000000000E+000
  0.000000000000000E+000  3.549961814062381E-003  0.000000000000000E+000
  0.000000000000000E+000  0.000000000000000E+000  2.620871371385936E-003
 S_iso
 -1.430952146046845E-005  0.000000000000000E+000  0.000000000000000E+000
  0.000000000000000E+000  4.716998444594279E-004  0.000000000000000E+000
  0.000000000000000E+000  0.000000000000000E+000 -4.573905982170178E-004
 S
 -1.430952146046845E-005  0.000000000000000E+000  0.000000000000000E+000
  0.000000000000000E+000  4.716998444594279E-004  0.000000000000000E+000
  0.000000000000000E+000  0.000000000000000E+000 -4.573905982170178E-004
 sigma
 -1.430952146046845E-005  0.000000000000000E+000  0.000000000000000E+000
  0.000000000000000E+000  4.716998444594279E-004  0.000000000000000E+000
  0.000000000000000E+000  0.000000000000000E+000 -4.573905982170178E-004
 Psi24a
  5.115989765905884E-005
 CChat
  4.913165611957747E-003  0.000000000000000E+000  0.000000000000000E+000
  0.000000000000000E+000  7.480457292745978E-003  0.000000000000000E+000
  0.000000000000000E+000  0.000000000000000E+000  6.001448660827543E-003
  0.000000000000000E+000 -8.949645729622181E-004  0.000000000000000E+000
 -8.949645729622181E-004  0.000000000000000E+000  0.000000000000000E+000
  0.000000000000000E+000  0.000000000000000E+000  0.000000000000000E+000
  0.000000000000000E+000  0.000000000000000E+000 -8.949645729622181E-004
  0.000000000000000E+000  0.000000000000000E+000  0.000000000000000E+000
 -8.949645729622181E-004  0.000000000000000E+000  0.000000000000000E+000
  0.000000000000000E+000 -8.949645729622181E-004  0.000000000000000E+000
 -8.949645729622181E-004  0.000000000000000E+000  0.000000000000000E+000
  0.000000000000000E+000  0.000000000000000E+000  0.000000000000000E+000
  7.480457292745978E-003  0.000000000000000E+000  0.000000000000000E+000
  0.000000000000000E+000  6.592019440194889E-003  0.000000000000000E+000
  0.000000000000000E+000  0.000000000000000E+000  6.668901999676602E-003
  0.000000000000000E+000  0.000000000000000E+000  0.000000000000000E+000
  0.000000000000000E+000  0.000000000000000E+000 -8.949645729622181E-004
  0.000000000000000E+000 -8.949645729622181E-004  0.000000000000000E+000
  0.000000000000000E+000  0.000000000000000E+000 -8.949645729622181E-004
  0.000000000000000E+000  0.000000000000000E+000  0.000000000000000E+000
 -8.949645729622181E-004  0.000000000000000E+000  0.000000000000000E+000
  0.000000000000000E+000  0.000000000000000E+000  0.000000000000000E+000
  0.000000000000000E+000  0.000000000000000E+000 -8.949645729622181E-004
  0.000000000000000E+000 -8.949645729622181E-004  0.000000000000000E+000
  6.001448660827543E-003  0.000000000000000E+000  0.000000000000000E+000
  0.000000000000000E+000  6.668901999676602E-003  0.000000000000000E+000
  0.000000000000000E+000  0.000000000000000E+000  3.611854108983654E-003
 dShat/dC
 -6.092625463123135E-004  0.000000000000000E+000  0.000000000000000E+000
  0.000000000000000E+000  2.833320879132020E-004  0.000000000000000E+000
  0.000000000000000E+000  0.000000000000000E+000  2.870234546245528E-004
  0.000000000000000E+000 -4.474822864811090E-004  0.000000000000000E+000
 -4.474822864811090E-004  0.000000000000000E+000  0.000000000000000E+000
  0.000000000000000E+000  0.000000000000000E+000  0.000000000000000E+000
  0.000000000000000E+000  0.000000000000000E+000 -4.474822864811090E-004
  0.000000000000000E+000  0.000000000000000E+000  0.000000000000000E+000
 -4.474822864811090E-004  0.000000000000000E+000  0.000000000000000E+000
  0.000000000000000E+000 -4.474822864811090E-004  0.000000000000000E+000
 -4.474822864811090E-004  0.000000000000000E+000  0.000000000000000E+000
  0.000000000000000E+000  0.000000000000000E+000  0.000000000000000E+000
  6.743832940818023E-004  0.000000000000000E+000  0.000000000000000E+000
  0.000000000000000E+000 -1.608868383623429E-004  0.000000000000000E+000
  0.000000000000000E+000  0.000000000000000E+000  6.207501240490815E-004
  0.000000000000000E+000  0.000000000000000E+000  0.000000000000000E+000
  0.000000000000000E+000  0.000000000000000E+000 -4.474822864811090E-004
  0.000000000000000E+000 -4.474822864811090E-004  0.000000000000000E+000
  0.000000000000000E+000  0.000000000000000E+000 -4.474822864811090E-004
  0.000000000000000E+000  0.000000000000000E+000  0.000000000000000E+000
 -4.474822864811090E-004  0.000000000000000E+000  0.000000000000000E+000
  0.000000000000000E+000  0.000000000000000E+000  0.000000000000000E+000
  0.000000000000000E+000  0.000000000000000E+000 -4.474822864811090E-004
  0.000000000000000E+000 -4.474822864811090E-004  0.000000000000000E+000
 -6.512102187741526E-005  0.000000000000000E+000  0.000000000000000E+000
  0.000000000000000E+000 -1.224455586214868E-004  0.000000000000000E+000
  0.000000000000000E+000  0.000000000000000E+000 -9.077738212973922E-004
 CCvol
  2.000000000000000E-002  0.000000000000000E+000  0.000000000000000E+000
  0.000000000000000E+000  2.000000000000000E-002  0.000000000000000E+000
  0.000000000000000E+000  0.000000000000000E+000  2.000000000000000E-002
  0.000000000000000E+000  0.000000000000000E+000  0.000000000000000E+000
  0.000000000000000E+000  0.000000000000000E+000  0.000000000000000E+000
  0.000000000000000E+000  0.000000000000000E+000  0.000000000000000E+000
  0.000000000000000E+000  0.000000000000000E+000  0.000000000000000E+000
  0.000000000000000E+000  0.000000000000000E+000  0.000000000000000E+000
  0.000000000000000E+000  0.000000000000000E+000  0.000000000000000E+000
  0.000000000000000E+000  0.000000000000000E+000  0.000000000000000E+000
  0.000000000000000E+000  0.000000000000000E+000  0.000000000000000E+000
  0.000000000000000E+000  0.000000000000000E+000  0.000000000000000E+000
  2.000000000000000E-002  0.000000000000000E+000  0.000000000000000E+000
  0.000000000000000E+000  2.000000000000000E-002  0.000000000000000E+000
  0.000000000000000E+000  0.000000000000000E+000  2.000000000000000E-002
  0.000000000000000E+000  0.000000000000000E+000  0.000000000000000E+000
  0.000000000000000E+000  0.000000000000000E+000  0.000000000000000E+000
  0.000000000000000E+000  0.000000000000000E+000  0.000000000000000E+000
  0.000000000000000E+000  0.000000000000000E+000  0.000000000000000E+000
  0.000000000000000E+000  0.000000000000000E+000  0.000000000000000E+000
  0.000000000000000E+000  0.000000000000000E+000  0.000000000000000E+000
  0.000000000000000E+000  0.000000000000000E+000  0.000000000000000E+000
  0.000000000000000E+000  0.000000000000000E+000  0.000000000000000E+000
  0.000000000000000E+000  0.000000000000000E+000  0.000000000000000E+000
  2.000000000000000E-002  0.000000000000000E+000  0.000000000000000E+000
  0.000000000000000E+000  2.000000000000000E-002  0.000000000000000E+000
  0.000000000000000E+000  0.000000000000000E+000  2.000000000000000E-002
 CCiso
  2.930841504825026E-003  0.000000000000000E+000  0.000000000000000E+000
  0.000000000000000E+000 -1.764499419532586E-003  0.000000000000000E+000
  0.000000000000000E+000  0.000000000000000E+000 -1.137723039199551E-003
  0.000000000000000E+000  2.183297396640736E-003  0.000000000000000E+000
  2.183297396640736E-003  0.000000000000000E+000  0.000000000000000E+000
  0.000000000000000E+000  0.000000000000000E+000  0.000000000000000E+000
  0.000000000000000E+000  0.000000000000000E+000  2.183297396640736E-003
  0.000000000000000E+000  0.000000000000000E+000  0.000000000000000E+000
  2.183297396640736E-003  0.000000000000000E+000  0.000000000000000E+000
  0.000000000000000E+000  2.183297396640736E-003  0.000000000000000E+000
  2.183297396640736E-003  0.000000000000000E+000  0.000000000000000E+000
  0.000000000000000E+000  0.000000000000000E+000  0.000000000000000E+000
 -1.764499419532586E-003  0.000000000000000E+000  0.000000000000000E+000
  0.000000000000000E+000  2.397478001182296E-003  0.000000000000000E+000
  0.000000000000000E+000  0.000000000000000E+000 -1.576378366290431E-003
  0.000000000000000E+000  0.000000000000000E+000  0.000000000000000E+000
  0.000000000000000E+000  0.000000000000000E+000  2.183297396640736E-003
  0.000000000000000E+000  2.183297396640736E-003  0.000000000000000E+000
  0.000000000000000E+000  0.000000000000000E+000  2.183297396640736E-003
  0.000000000000000E+000  0.000000000000000E+000  0.000000000000000E+000
  2.183297396640736E-003  0.000000000000000E+000  0.000000000000000E+000
  0.000000000000000E+000  0.000000000000000E+000  0.000000000000000E+000
  0.000000000000000E+000  0.000000000000000E+000  2.183297396640736E-003
  0.000000000000000E+000  2.183297396640736E-003  0.000000000000000E+000
 -1.137723039199552E-003  0.000000000000000E+000  0.000000000000000E+000
  0.000000000000000E+000 -1.576378366290431E-003  0.000000000000000E+000
  0.000000000000000E+000  0.000000000000000E+000  3.628882694473997E-003
 CC_ref
  2.293084150482503E-002  0.000000000000000E+000  0.000000000000000E+000
  0.000000000000000E+000  1.823550058046742E-002  0.000000000000000E+000
  0.000000000000000E+000  0.000000000000000E+000  1.886227696080045E-002
  0.000000000000000E+000  2.183297396640736E-003  0.000000000000000E+000
  2.183297396640736E-003  0.000000000000000E+000  0.000000000000000E+000
  0.000000000000000E+000  0.000000000000000E+000  0.000000000000000E+000
  0.000000000000000E+000  0.000000000000000E+000  2.183297396640736E-003
  0.000000000000000E+000  0.000000000000000E+000  0.000000000000000E+000
  2.183297396640736E-003  0.000000000000000E+000  0.000000000000000E+000
  0.000000000000000E+000  2.183297396640736E-003  0.000000000000000E+000
  2.183297396640736E-003  0.000000000000000E+000  0.000000000000000E+000
  0.000000000000000E+000  0.000000000000000E+000  0.000000000000000E+000
  1.823550058046742E-002  0.000000000000000E+000  0.000000000000000E+000
  0.000000000000000E+000  2.239747800118230E-002  0.000000000000000E+000
  0.000000000000000E+000  0.000000000000000E+000  1.842362163370957E-002
  0.000000000000000E+000  0.000000000000000E+000  0.000000000000000E+000
  0.000000000000000E+000  0.000000000000000E+000  2.183297396640736E-003
  0.000000000000000E+000  2.183297396640736E-003  0.000000000000000E+000
  0.000000000000000E+000  0.000000000000000E+000  2.183297396640736E-003
  0.000000000000000E+000  0.000000000000000E+000  0.000000000000000E+000
  2.183297396640736E-003  0.000000000000000E+000  0.000000000000000E+000
  0.000000000000000E+000  0.000000000000000E+000  0.000000000000000E+000
  0.000000000000000E+000  0.000000000000000E+000  2.183297396640736E-003
  0.000000000000000E+000  2.183297396640736E-003  0.000000000000000E+000
  1.886227696080045E-002  0.000000000000000E+000  0.000000000000000E+000
  0.000000000000000E+000  1.842362163370957E-002  0.000000000000000E+000
  0.000000000000000E+000  0.000000000000000E+000  2.362888269447400E-002
 DDSDDE
  2.290222246190409E-002  1.823550058046742E-002  1.886227696080045E-002
  0.000000000000000E+000  0.000000000000000E+000  0.000000000000000E+000
  1.823550058046742E-002  2.334087769010115E-002  1.842362163370957E-002
  0.000000000000000E+000  0.000000000000000E+000  0.000000000000000E+000
  1.886227696080045E-002  1.842362163370957E-002  2.271410149803996E-002
  0.000000000000000E+000  0.000000000000000E+000  0.000000000000000E+000
  0.000000000000000E+000  0.000000000000000E+000  0.000000000000000E+000
  2.411992558140216E-003  0.000000000000000E+000  0.000000000000000E+000
  0.000000000000000E+000  0.000000000000000E+000  0.000000000000000E+000
  0.000000000000000E+000  1.947447336801993E-003  0.000000000000000E+000
  0.000000000000000E+000  0.000000000000000E+000  0.000000000000000E+000
  0.000000000000000E+000  0.000000000000000E+000  2.190452019761941E-003


  INCREMENT     1 STARTS. ATTEMPT NUMBER  1, TIME INCREMENT   1.00    
 ***************************************************
 deformation gradient
   1.00000000000000       0.000000000000000E+000  0.000000000000000E+000
  0.000000000000000E+000   1.00000000000000       0.000000000000000E+000
  0.000000000000000E+000  0.000000000000000E+000   1.00000000000000     
 J
   1.00000000000000     
 C
   1.00000000000000       0.000000000000000E+000  0.000000000000000E+000
  0.000000000000000E+000   1.00000000000000       0.000000000000000E+000
  0.000000000000000E+000  0.000000000000000E+000   1.00000000000000     
 Chat
   1.00000000000000       0.000000000000000E+000  0.000000000000000E+000
  0.000000000000000E+000   1.00000000000000       0.000000000000000E+000
  0.000000000000000E+000  0.000000000000000E+000   1.00000000000000     
 I1hat, I2hat, I4ahat, I4shat
   3.00000000000000        3.00000000000000        1.00000000000000     
   1.00000000000000     
 S^hat
  3.063952448142485E-003  0.000000000000000E+000  0.000000000000000E+000
  0.000000000000000E+000  3.549961814062381E-003  0.000000000000000E+000
  0.000000000000000E+000  0.000000000000000E+000  2.620871371385936E-003
 S_iso
 -1.430952146046845E-005  0.000000000000000E+000  0.000000000000000E+000
  0.000000000000000E+000  4.716998444594279E-004  0.000000000000000E+000
  0.000000000000000E+000  0.000000000000000E+000 -4.573905982170178E-004
 S
 -1.430952146046845E-005  0.000000000000000E+000  0.000000000000000E+000
  0.000000000000000E+000  4.716998444594279E-004  0.000000000000000E+000
  0.000000000000000E+000  0.000000000000000E+000 -4.573905982170178E-004
 sigma
 -1.430952146046845E-005  0.000000000000000E+000  0.000000000000000E+000
  0.000000000000000E+000  4.716998444594279E-004  0.000000000000000E+000
  0.000000000000000E+000  0.000000000000000E+000 -4.573905982170178E-004
 Psi24a
  5.115989765905884E-005
 CChat
  4.913165611957747E-003  0.000000000000000E+000  0.000000000000000E+000
  0.000000000000000E+000  7.480457292745978E-003  0.000000000000000E+000
  0.000000000000000E+000  0.000000000000000E+000  6.001448660827543E-003
  0.000000000000000E+000 -8.949645729622181E-004  0.000000000000000E+000
 -8.949645729622181E-004  0.000000000000000E+000  0.000000000000000E+000
  0.000000000000000E+000  0.000000000000000E+000  0.000000000000000E+000
  0.000000000000000E+000  0.000000000000000E+000 -8.949645729622181E-004
  0.000000000000000E+000  0.000000000000000E+000  0.000000000000000E+000
 -8.949645729622181E-004  0.000000000000000E+000  0.000000000000000E+000
  0.000000000000000E+000 -8.949645729622181E-004  0.000000000000000E+000
 -8.949645729622181E-004  0.000000000000000E+000  0.000000000000000E+000
  0.000000000000000E+000  0.000000000000000E+000  0.000000000000000E+000
  7.480457292745978E-003  0.000000000000000E+000  0.000000000000000E+000
  0.000000000000000E+000  6.592019440194889E-003  0.000000000000000E+000
  0.000000000000000E+000  0.000000000000000E+000  6.668901999676602E-003
  0.000000000000000E+000  0.000000000000000E+000  0.000000000000000E+000
  0.000000000000000E+000  0.000000000000000E+000 -8.949645729622181E-004
  0.000000000000000E+000 -8.949645729622181E-004  0.000000000000000E+000
  0.000000000000000E+000  0.000000000000000E+000 -8.949645729622181E-004
  0.000000000000000E+000  0.000000000000000E+000  0.000000000000000E+000
 -8.949645729622181E-004  0.000000000000000E+000  0.000000000000000E+000
  0.000000000000000E+000  0.000000000000000E+000  0.000000000000000E+000
  0.000000000000000E+000  0.000000000000000E+000 -8.949645729622181E-004
  0.000000000000000E+000 -8.949645729622181E-004  0.000000000000000E+000
  6.001448660827543E-003  0.000000000000000E+000  0.000000000000000E+000
  0.000000000000000E+000  6.668901999676602E-003  0.000000000000000E+000
  0.000000000000000E+000  0.000000000000000E+000  3.611854108983654E-003
 dShat/dC
 -6.092625463123135E-004  0.000000000000000E+000  0.000000000000000E+000
  0.000000000000000E+000  2.833320879132020E-004  0.000000000000000E+000
  0.000000000000000E+000  0.000000000000000E+000  2.870234546245528E-004
  0.000000000000000E+000 -4.474822864811090E-004  0.000000000000000E+000
 -4.474822864811090E-004  0.000000000000000E+000  0.000000000000000E+000
  0.000000000000000E+000  0.000000000000000E+000  0.000000000000000E+000
  0.000000000000000E+000  0.000000000000000E+000 -4.474822864811090E-004
  0.000000000000000E+000  0.000000000000000E+000  0.000000000000000E+000
 -4.474822864811090E-004  0.000000000000000E+000  0.000000000000000E+000
  0.000000000000000E+000 -4.474822864811090E-004  0.000000000000000E+000
 -4.474822864811090E-004  0.000000000000000E+000  0.000000000000000E+000
  0.000000000000000E+000  0.000000000000000E+000  0.000000000000000E+000
  6.743832940818023E-004  0.000000000000000E+000  0.000000000000000E+000
  0.000000000000000E+000 -1.608868383623429E-004  0.000000000000000E+000
  0.000000000000000E+000  0.000000000000000E+000  6.207501240490815E-004
  0.000000000000000E+000  0.000000000000000E+000  0.000000000000000E+000
  0.000000000000000E+000  0.000000000000000E+000 -4.474822864811090E-004
  0.000000000000000E+000 -4.474822864811090E-004  0.000000000000000E+000
  0.000000000000000E+000  0.000000000000000E+000 -4.474822864811090E-004
  0.000000000000000E+000  0.000000000000000E+000  0.000000000000000E+000
 -4.474822864811090E-004  0.000000000000000E+000  0.000000000000000E+000
  0.000000000000000E+000  0.000000000000000E+000  0.000000000000000E+000
  0.000000000000000E+000  0.000000000000000E+000 -4.474822864811090E-004
  0.000000000000000E+000 -4.474822864811090E-004  0.000000000000000E+000
 -6.512102187741526E-005  0.000000000000000E+000  0.000000000000000E+000
  0.000000000000000E+000 -1.224455586214868E-004  0.000000000000000E+000
  0.000000000000000E+000  0.000000000000000E+000 -9.077738212973922E-004
 CCvol
  2.000000000000000E-002  0.000000000000000E+000  0.000000000000000E+000
  0.000000000000000E+000  2.000000000000000E-002  0.000000000000000E+000
  0.000000000000000E+000  0.000000000000000E+000  2.000000000000000E-002
  0.000000000000000E+000  0.000000000000000E+000  0.000000000000000E+000
  0.000000000000000E+000  0.000000000000000E+000  0.000000000000000E+000
  0.000000000000000E+000  0.000000000000000E+000  0.000000000000000E+000
  0.000000000000000E+000  0.000000000000000E+000  0.000000000000000E+000
  0.000000000000000E+000  0.000000000000000E+000  0.000000000000000E+000
  0.000000000000000E+000  0.000000000000000E+000  0.000000000000000E+000
  0.000000000000000E+000  0.000000000000000E+000  0.000000000000000E+000
  0.000000000000000E+000  0.000000000000000E+000  0.000000000000000E+000
  0.000000000000000E+000  0.000000000000000E+000  0.000000000000000E+000
  2.000000000000000E-002  0.000000000000000E+000  0.000000000000000E+000
  0.000000000000000E+000  2.000000000000000E-002  0.000000000000000E+000
  0.000000000000000E+000  0.000000000000000E+000  2.000000000000000E-002
  0.000000000000000E+000  0.000000000000000E+000  0.000000000000000E+000
  0.000000000000000E+000  0.000000000000000E+000  0.000000000000000E+000
  0.000000000000000E+000  0.000000000000000E+000  0.000000000000000E+000
  0.000000000000000E+000  0.000000000000000E+000  0.000000000000000E+000
  0.000000000000000E+000  0.000000000000000E+000  0.000000000000000E+000
  0.000000000000000E+000  0.000000000000000E+000  0.000000000000000E+000
  0.000000000000000E+000  0.000000000000000E+000  0.000000000000000E+000
  0.000000000000000E+000  0.000000000000000E+000  0.000000000000000E+000
  0.000000000000000E+000  0.000000000000000E+000  0.000000000000000E+000
  2.000000000000000E-002  0.000000000000000E+000  0.000000000000000E+000
  0.000000000000000E+000  2.000000000000000E-002  0.000000000000000E+000
  0.000000000000000E+000  0.000000000000000E+000  2.000000000000000E-002
 CCiso
  2.930841504825026E-003  0.000000000000000E+000  0.000000000000000E+000
  0.000000000000000E+000 -1.764499419532586E-003  0.000000000000000E+000
  0.000000000000000E+000  0.000000000000000E+000 -1.137723039199551E-003
  0.000000000000000E+000  2.183297396640736E-003  0.000000000000000E+000
  2.183297396640736E-003  0.000000000000000E+000  0.000000000000000E+000
  0.000000000000000E+000  0.000000000000000E+000  0.000000000000000E+000
  0.000000000000000E+000  0.000000000000000E+000  2.183297396640736E-003
  0.000000000000000E+000  0.000000000000000E+000  0.000000000000000E+000
  2.183297396640736E-003  0.000000000000000E+000  0.000000000000000E+000
  0.000000000000000E+000  2.183297396640736E-003  0.000000000000000E+000
  2.183297396640736E-003  0.000000000000000E+000  0.000000000000000E+000
  0.000000000000000E+000  0.000000000000000E+000  0.000000000000000E+000
 -1.764499419532586E-003  0.000000000000000E+000  0.000000000000000E+000
  0.000000000000000E+000  2.397478001182296E-003  0.000000000000000E+000
  0.000000000000000E+000  0.000000000000000E+000 -1.576378366290431E-003
  0.000000000000000E+000  0.000000000000000E+000  0.000000000000000E+000
  0.000000000000000E+000  0.000000000000000E+000  2.183297396640736E-003
  0.000000000000000E+000  2.183297396640736E-003  0.000000000000000E+000
  0.000000000000000E+000  0.000000000000000E+000  2.183297396640736E-003
  0.000000000000000E+000  0.000000000000000E+000  0.000000000000000E+000
  2.183297396640736E-003  0.000000000000000E+000  0.000000000000000E+000
  0.000000000000000E+000  0.000000000000000E+000  0.000000000000000E+000
  0.000000000000000E+000  0.000000000000000E+000  2.183297396640736E-003
  0.000000000000000E+000  2.183297396640736E-003  0.000000000000000E+000
 -1.137723039199552E-003  0.000000000000000E+000  0.000000000000000E+000
  0.000000000000000E+000 -1.576378366290431E-003  0.000000000000000E+000
  0.000000000000000E+000  0.000000000000000E+000  3.628882694473997E-003
 CC_ref
  2.293084150482503E-002  0.000000000000000E+000  0.000000000000000E+000
  0.000000000000000E+000  1.823550058046742E-002  0.000000000000000E+000
  0.000000000000000E+000  0.000000000000000E+000  1.886227696080045E-002
  0.000000000000000E+000  2.183297396640736E-003  0.000000000000000E+000
  2.183297396640736E-003  0.000000000000000E+000  0.000000000000000E+000
  0.000000000000000E+000  0.000000000000000E+000  0.000000000000000E+000
  0.000000000000000E+000  0.000000000000000E+000  2.183297396640736E-003
  0.000000000000000E+000  0.000000000000000E+000  0.000000000000000E+000
  2.183297396640736E-003  0.000000000000000E+000  0.000000000000000E+000
  0.000000000000000E+000  2.183297396640736E-003  0.000000000000000E+000
  2.183297396640736E-003  0.000000000000000E+000  0.000000000000000E+000
  0.000000000000000E+000  0.000000000000000E+000  0.000000000000000E+000
  1.823550058046742E-002  0.000000000000000E+000  0.000000000000000E+000
  0.000000000000000E+000  2.239747800118230E-002  0.000000000000000E+000
  0.000000000000000E+000  0.000000000000000E+000  1.842362163370957E-002
  0.000000000000000E+000  0.000000000000000E+000  0.000000000000000E+000
  0.000000000000000E+000  0.000000000000000E+000  2.183297396640736E-003
  0.000000000000000E+000  2.183297396640736E-003  0.000000000000000E+000
  0.000000000000000E+000  0.000000000000000E+000  2.183297396640736E-003
  0.000000000000000E+000  0.000000000000000E+000  0.000000000000000E+000
  2.183297396640736E-003  0.000000000000000E+000  0.000000000000000E+000
  0.000000000000000E+000  0.000000000000000E+000  0.000000000000000E+000
  0.000000000000000E+000  0.000000000000000E+000  2.183297396640736E-003
  0.000000000000000E+000  2.183297396640736E-003  0.000000000000000E+000
  1.886227696080045E-002  0.000000000000000E+000  0.000000000000000E+000
  0.000000000000000E+000  1.842362163370957E-002  0.000000000000000E+000
  0.000000000000000E+000  0.000000000000000E+000  2.362888269447400E-002
 DDSDDE
  2.290222246190409E-002  1.823550058046742E-002  1.886227696080045E-002
  0.000000000000000E+000  0.000000000000000E+000  0.000000000000000E+000
  1.823550058046742E-002  2.334087769010115E-002  1.842362163370957E-002
  0.000000000000000E+000  0.000000000000000E+000  0.000000000000000E+000
  1.886227696080045E-002  1.842362163370957E-002  2.271410149803996E-002
  0.000000000000000E+000  0.000000000000000E+000  0.000000000000000E+000
  0.000000000000000E+000  0.000000000000000E+000  0.000000000000000E+000
  2.411992558140216E-003  0.000000000000000E+000  0.000000000000000E+000
  0.000000000000000E+000  0.000000000000000E+000  0.000000000000000E+000
  0.000000000000000E+000  1.947447336801993E-003  0.000000000000000E+000
  0.000000000000000E+000  0.000000000000000E+000  0.000000000000000E+000
  0.000000000000000E+000  0.000000000000000E+000  2.190452019761941E-003

  NUMBER OF EQUATIONS =     14836     NUMBER OF RHS =    1
  NUMBER OF FLOATING PT. OPERATIONS =  7.56E+08

     CHECK POINT   START OF SOLVER    

     CHECK POINT  END OF SOLVER       

       ELAPSED USER TIME (SEC)      =  0.25000    
       ELAPSED SYSTEM TIME (SEC)    =  4.00000E-02
       ELAPSED TOTAL CPU TIME (SEC) =  0.29000    
       ELAPSED WALLCLOCK TIME (SEC) =          0
 ***************************************************
 deformation gradient
   1.00265625048728       4.635778754916545E-003 -0.116484907999791     
  3.315942367370133E-003   1.00361320469485      -0.159103635381099     
  0.110205476167767       0.147654773755233        1.01350355002808     
 J
   1.05615196731090     
 C
   1.01890978087760       2.651045144317696E-002 -6.875163401707310E-003
  2.651045144317696E-002   1.03256442690313      -1.269838359659292E-002
 -6.875163401707310E-003 -1.269838359659292E-002   1.06113662510959     
 Chat
  0.982467340907546       2.556227570335352E-002 -6.629265546712513E-003
  2.556227570335352E-002  0.995633613352379      -1.224421180374100E-002
 -6.629265546712513E-003 -1.224421180374100E-002   1.02318389515613     
 I1hat, I2hat, I4ahat, I4shat
   3.00128484941606        3.00129125019670       0.982467340907546     
  0.995633613352379     
 S^hat
  3.073190044271945E-003 -2.282091789607859E-005  5.918327714968728E-006
 -2.282091789607859E-005  3.546256281043874E-003  1.093111409633659E-005
  5.918327714968728E-006  1.093111409633659E-005  2.594857109593596E-003
 S_iso
 -4.978376800065729E-005  5.512496125676709E-005 -1.289212381776288E-005
  5.512496125676709E-005  4.458998266240531E-004 -2.454357564770729E-005
 -1.289212381776288E-005 -2.454357564770729E-005 -3.895999524517852E-004
 S
  1.115128194679843E-003  2.530499923152195E-005 -5.701442999812962E-006
  2.530499923152195E-005  1.595525909895905E-003 -1.097946378323182E-005
 -5.701442999812962E-006 -1.097946378323182E-005  7.283728572740724E-004
 sigma
  1.068808534738426E-003  4.331090425451306E-005 -5.618448044082776E-005
  4.331090425451306E-005  1.533826776103245E-003 -1.516723485301222E-004
 -5.618448044082776E-005 -1.516723485301222E-004  7.664824681068261E-004
 Psi24a
  5.083800506683758E-005
 CChat
  4.589586013364045E-003 -3.409895952880022E-005  8.843150750985913E-006
 -3.409895952880022E-005  6.954313323107351E-003  1.633324386306688E-005
  8.843150750985913E-006  1.633324386306688E-005  5.543532445846899E-003
 -3.409895952880022E-005 -8.297853801119831E-004 -6.571274013403439E-008
 -8.297853801119831E-004 -3.934091390250559E-005 -1.213710180616184E-007
 -6.571274013403439E-008 -1.213710180616184E-007 -2.886128444466571E-005
  8.843150750985913E-006 -6.571274013403439E-008 -8.300217249300095E-004
 -6.571274013403439E-008  1.020258791261879E-005  3.147609851887143E-008
 -8.300217249300095E-004  3.147609851887143E-008  7.484823371097266E-006
 -3.409895952880022E-005 -8.297853801119831E-004 -6.571274013403439E-008
 -8.297853801119831E-004 -3.934091390250559E-005 -1.213710180616184E-007
 -6.571274013403439E-008 -1.213710180616184E-007 -2.886128444466571E-005
  6.954313323107351E-003 -3.934091390250559E-005  1.020258791261879E-005
 -3.934091390250559E-005  6.108112546581672E-003  1.884411575733937E-005
  1.020258791261879E-005  1.884411575733937E-005  6.140776035980421E-003
  1.633324386306688E-005 -1.213710180616184E-007  3.147609851887143E-008
 -1.213710180616184E-007  1.884411575733937E-005 -8.299806305744043E-004
  3.147609851887143E-008 -8.299806305744043E-004  1.382442172870165E-005
  8.843150750985913E-006 -6.571274013403439E-008 -8.300217249300095E-004
 -6.571274013403439E-008  1.020258791261879E-005  3.147609851887143E-008
 -8.300217249300095E-004  3.147609851887143E-008  7.484823371097266E-006
  1.633324386306688E-005 -1.213710180616184E-007  3.147609851887143E-008
 -1.213710180616184E-007  1.884411575733937E-005 -8.299806305744043E-004
  3.147609851887143E-008 -8.299806305744043E-004  1.382442172870165E-005
  5.543532445846899E-003 -2.886128444466571E-005  7.484823371097266E-006
 -2.886128444466571E-005  6.140776035980421E-003  1.382442172870165E-005
  7.484823371097266E-006  1.382442172870165E-005  3.287586794577656E-003
 dShat/dC
 -6.311814751556004E-004  7.779473518384594E-006 -2.017511913472697E-006
  7.779473518384594E-006  2.268133828794913E-004 -3.726331825307669E-006
 -2.017511913472697E-006 -3.726331825307669E-006  2.474072686659140E-004
  5.939752071619695E-005 -4.309339832027516E-004  1.349540346687063E-007
 -4.309339832027516E-004  6.610534443715006E-005  2.492592539263240E-007
  1.349540346687063E-007  2.492592539263240E-007  5.228565059417349E-005
 -1.400107482024544E-005  1.230908969544669E-007 -4.304455260797179E-004
  1.230908969544669E-007 -1.556910097319737E-005 -5.895997018861776E-008
 -4.304455260797179E-004 -5.895997018861776E-008 -1.233557794945850E-005
  5.939752071619695E-005 -4.309339832027516E-004  1.349540346687063E-007
 -4.309339832027516E-004  6.610534443715006E-005  2.492592539263240E-007
  1.349540346687063E-007  2.492592539263240E-007  5.228565059417349E-005
  6.345506671164730E-004  4.727175056983505E-006 -1.225935401926220E-006
  4.727175056983505E-006 -1.676378037061917E-004 -2.264294983074381E-006
 -1.225935401926220E-006 -2.264294983074381E-006  5.915793035301342E-004
 -2.659132433805001E-005  2.335329513675829E-007 -6.056393282387234E-008
  2.335329513675829E-007 -2.957690481151205E-005 -4.305254651548266E-004
 -6.056393282387234E-008 -4.305254651548266E-004 -2.342190301387448E-005
 -1.400107482024544E-005  1.230908969544669E-007 -4.304455260797179E-004
  1.230908969544669E-007 -1.556910097319737E-005 -5.895997018861776E-008
 -4.304455260797179E-004 -5.895997018861776E-008 -1.233557794945850E-005
 -2.659132433805001E-005  2.335329513675829E-007 -6.056393282387234E-008
  2.335329513675829E-007 -2.957690481151205E-005 -4.305254651548266E-004
 -6.056393282387234E-008 -4.305254651548266E-004 -2.342190301387448E-005
 -1.518645603309815E-005  9.469506578501029E-006 -2.455801448733642E-006
  9.469506578501029E-006 -5.887653929798368E-005 -4.535849842542552E-006
 -2.455801448733642E-006 -4.535849842542552E-006 -8.165455232875269E-004
 CCvol
  2.037510470050488E-002 -5.215714731192017E-004  1.257699115704121E-004
 -5.215714731192017E-004  2.236442362145835E-002  2.642507423864107E-004
  1.257699115704121E-004  2.642507423864107E-004  2.175002285950437E-002
 -5.215714731192018E-004 -1.114988257556686E-003 -1.672210465988087E-005
 -1.114988257556686E-003 -5.147274549474371E-004 -1.338369894719357E-005
 -1.672210465988087E-005 -1.338369894719357E-005 -5.569339676282943E-004
  1.257699115704121E-004 -1.672210465988087E-005 -1.097181635368315E-003
 -1.672210465988087E-005  1.387407206840160E-004  2.965384189971935E-005
 -1.097181635368315E-003  2.965384189971935E-005  1.207021182045415E-004
 -5.215714731192018E-004 -1.114988257556686E-003 -1.672210465988087E-005
 -1.114988257556686E-003 -5.147274549474371E-004 -1.338369894719357E-005
 -1.672210465988087E-005 -1.338369894719357E-005 -5.569339676282943E-004
  2.236442362145835E-002 -5.147274549474370E-004  1.387407206840160E-004
 -5.147274549474370E-004  1.984389207077959E-002  2.341324503603689E-004
  1.387407206840160E-004  2.341324503603689E-004  2.146439664704625E-002
  2.642507423864107E-004 -1.338369894719357E-005  2.965384189971935E-005
 -1.338369894719357E-005  2.341324503603689E-004 -1.080676104835719E-003
  2.965384189971935E-005 -1.080676104835719E-003  2.276859556216982E-004
  1.257699115704121E-004 -1.672210465988087E-005 -1.097181635368315E-003
 -1.672210465988087E-005  1.387407206840160E-004  2.965384189971935E-005
