1

   Abaqus 2020                                  Date 30-May-2021   Time 21:02:41
   For use by PURDUE UNIVERSITY under license from Dassault Systemes or its subsidiary.

                                                                                 
                                                                                 
 STEP    1     INCREMENT     1     STEP TIME    0.00    


                        S T E P       1     S T A T I C   A N A L Y S I S


                                                                                          

     AUTOMATIC TIME CONTROL WITH -
          A SUGGESTED INITIAL TIME INCREMENT OF                1.000E-03
          AND A TOTAL TIME PERIOD OF                           0.100    
          THE MINIMUM TIME INCREMENT ALLOWED IS                1.000E-06
          THE MAXIMUM TIME INCREMENT ALLOWED IS                 1.00    

     LINEAR EQUATION SOLVER TYPE         DIRECT SPARSE

 CONVERGENCE TOLERANCE PARAMETERS FOR FORCE    
     CRITERION FOR RESIDUAL FORCE     FOR A NONLINEAR PROBLEM          5.000E-03
     CRITERION FOR DISP.    CORRECTION IN A NONLINEAR PROBLEM          1.000E-02
     INITIAL VALUE OF TIME AVERAGE FORCE                               1.000E-02
     AVERAGE FORCE     IS TIME AVERAGE FORCE    
     ALTERNATE CRIT. FOR RESIDUAL FORCE     FOR A NONLINEAR PROBLEM    2.000E-02
     CRITERION FOR ZERO FORCE     RELATIVE TO TIME AVRG. FORCE         1.000E-05
     CRITERION FOR RESIDUAL FORCE     WHEN THERE IS ZERO FLUX          1.000E-05
     CRITERION FOR DISP.    CORRECTION WHEN THERE IS ZERO FLUX         1.000E-03
     CRITERION FOR RESIDUAL FORCE     FOR A LINEAR INCREMENT           1.000E-08
     FIELD CONVERSION RATIO                                             1.00    
     CRITERION FOR ZERO FORCE     REL. TO TIME AVRG. MAX. FORCE        1.000E-05
     CRITERION FOR ZERO DISP.    RELATIVE TO CHARACTERISTIC LENGTH     1.000E-08

     VOLUMETRIC STRAIN COMPATIBILITY TOLERANCE FOR HYBRID SOLIDS       1.000E-05
     AXIAL STRAIN COMPATIBILITY TOLERANCE FOR HYBRID BEAMS             1.000E-05
     TRANS. SHEAR STRAIN COMPATIBILITY TOLERANCE FOR HYBRID BEAMS      1.000E-05
     SOFT CONTACT CONSTRAINT COMPATIBILITY TOLERANCE FOR P>P0          5.000E-03
     SOFT CONTACT CONSTRAINT COMPATIBILITY TOLERANCE FOR P=0.0         0.100    
     CONTACT FORCE ERROR TOLERANCE FOR CONVERT SDI=YES                 1.00    
     DISPLACEMENT COMPATIBILITY TOLERANCE FOR DCOUP ELEMENTS           1.000E-05
     ROTATION COMPATIBILITY TOLERANCE FOR DCOUP ELEMENTS               1.000E-05

 EQUILIBRIUM WILL BE CHECKED FOR SEVERE DISCONTINUITY ITERATIONS

 TIME INCREMENTATION CONTROL PARAMETERS:
     FIRST EQUILIBRIUM ITERATION FOR CONSECUTIVE DIVERGENCE CHECK              4
     EQUILIBRIUM ITERATION AT WHICH LOG. CONVERGENCE RATE CHECK BEGINS         8
     EQUILIBRIUM ITERATION AFTER WHICH ALTERNATE RESIDUAL IS USED              9
     MAXIMUM EQUILIBRIUM ITERATIONS ALLOWED                                   16
     EQUILIBRIUM ITERATION COUNT FOR CUT-BACK IN NEXT INCREMENT               10
     MAXIMUM EQUILIB. ITERS IN TWO INCREMENTS FOR TIME INCREMENT INCREASE      4
     MAXIMUM ITERATIONS FOR SEVERE DISCONTINUITIES                            50
     MAXIMUM ATTEMPTS ALLOWED IN AN INCREMENT                                  5
     MAXIMUM DISCON. ITERS IN TWO INCREMENTS FOR TIME INCREMENT INCREASE      50
     MAXIMUM CONTACT AUGMENTATIONS FOR *SURFACE BEHAVIOR,AUGMENTED LAGRANGE   50
     CUT-BACK FACTOR AFTER DIVERGENCE                                 0.2500    
     CUT-BACK FACTOR FOR TOO SLOW CONVERGENCE                         0.5000    
     CUT-BACK FACTOR AFTER TOO MANY EQUILIBRIUM ITERATIONS            0.7500    
     CUT-BACK FACTOR AFTER TOO MANY SEVERE DISCONTINUITY ITERATIONS   0.2500    
     CUT-BACK FACTOR AFTER PROBLEMS IN ELEMENT ASSEMBLY               0.2500    
     INCREASE FACTOR AFTER TWO INCREMENTS THAT CONVERGE QUICKLY        1.500    
     MAX. TIME INCREMENT INCREASE FACTOR ALLOWED                       1.500    
     MAX. TIME INCREMENT INCREASE FACTOR ALLOWED (DYNAMICS)            1.250    
     MAX. TIME INCREMENT INCREASE FACTOR ALLOWED (DIFFUSION)           2.000    
     MINIMUM TIME INCREMENT RATIO FOR EXTRAPOLATION TO OCCUR          0.1000    
     MAX. RATIO OF TIME INCREMENT TO STABILITY LIMIT                   1.000    
     FRACTION OF STABILITY LIMIT FOR NEW TIME INCREMENT               0.9500    
     TIME INCREMENT INCREASE FACTOR BEFORE A TIME POINT                1.000    
     GLOBAL STABILIZATION CONTROL IS NOT USED

          PRINT OF INCREMENT NUMBER, TIME, ETC., EVERY    1  INCREMENTS

     THE MAXIMUM NUMBER OF INCREMENTS IN THIS STEP IS                     100

          LARGE DISPLACEMENT THEORY WILL BE USED

     LINEAR EXTRAPOLATION WILL BE USED

     CHARACTERISTIC ELEMENT LENGTH      3.07    

     DETAILS REGARDING ACTUAL SOLUTION WAVEFRONT REQUESTED

     DETAILED OUTPUT OF DIAGNOSTICS TO DATABASE REQUESTED

     PRINT OF INCREMENT NUMBER, TIME, ETC., TO THE MESSAGE FILE EVERY     1  INCREMENTS

     COLLECTING MODEL CONSTRAINT INFORMATION FOR OVERCONSTRAINT CHECKS

     COLLECTING STEP CONSTRAINT INFORMATION FOR OVERCONSTRAINT CHECKS


  INCREMENT     1 STARTS. ATTEMPT NUMBER  1, TIME INCREMENT  1.000E-03
 ***************************************************
 deformation gradient
   1.00000000000000       0.000000000000000E+000  0.000000000000000E+000
  0.000000000000000E+000   1.00000000000000       0.000000000000000E+000
  0.000000000000000E+000  0.000000000000000E+000   1.00000000000000     
 J
   1.00000000000000     
 C
   1.00000000000000       0.000000000000000E+000  0.000000000000000E+000
  0.000000000000000E+000   1.00000000000000       0.000000000000000E+000
  0.000000000000000E+000  0.000000000000000E+000   1.00000000000000     
 Chat
   1.00000000000000       0.000000000000000E+000  0.000000000000000E+000
  0.000000000000000E+000   1.00000000000000       0.000000000000000E+000
  0.000000000000000E+000  0.000000000000000E+000   1.00000000000000     
 I1hat, I2hat, I4ahat, I4shat
   3.00000000000000        3.00000000000000        1.00000000000000     
   1.00000000000000     
 S^hat
  3.063952448142485E-003  0.000000000000000E+000  0.000000000000000E+000
  0.000000000000000E+000  3.549961814062381E-003  0.000000000000000E+000
  0.000000000000000E+000  0.000000000000000E+000  2.620871371385936E-003
 S_iso
 -1.430952146046845E-005  0.000000000000000E+000  0.000000000000000E+000
  0.000000000000000E+000  4.716998444594279E-004  0.000000000000000E+000
  0.000000000000000E+000  0.000000000000000E+000 -4.573905982170178E-004
 S
 -1.430952146046845E-005  0.000000000000000E+000  0.000000000000000E+000
  0.000000000000000E+000  4.716998444594279E-004  0.000000000000000E+000
  0.000000000000000E+000  0.000000000000000E+000 -4.573905982170178E-004
 sigma
 -1.430952146046845E-005  0.000000000000000E+000  0.000000000000000E+000
  0.000000000000000E+000  4.716998444594279E-004  0.000000000000000E+000
  0.000000000000000E+000  0.000000000000000E+000 -4.573905982170178E-004
 Psi24a
  5.115989765905884E-005
 CChat
  4.913165611957747E-003  0.000000000000000E+000  0.000000000000000E+000
  0.000000000000000E+000  7.480457292745978E-003  0.000000000000000E+000
  0.000000000000000E+000  0.000000000000000E+000  6.001448660827543E-003
  0.000000000000000E+000 -8.949645729622181E-004  0.000000000000000E+000
 -8.949645729622181E-004  0.000000000000000E+000  0.000000000000000E+000
  0.000000000000000E+000  0.000000000000000E+000  0.000000000000000E+000
  0.000000000000000E+000  0.000000000000000E+000 -8.949645729622181E-004
  0.000000000000000E+000  0.000000000000000E+000  0.000000000000000E+000
 -8.949645729622181E-004  0.000000000000000E+000  0.000000000000000E+000
  0.000000000000000E+000 -8.949645729622181E-004  0.000000000000000E+000
 -8.949645729622181E-004  0.000000000000000E+000  0.000000000000000E+000
  0.000000000000000E+000  0.000000000000000E+000  0.000000000000000E+000
  7.480457292745978E-003  0.000000000000000E+000  0.000000000000000E+000
  0.000000000000000E+000  6.592019440194889E-003  0.000000000000000E+000
  0.000000000000000E+000  0.000000000000000E+000  6.668901999676602E-003
  0.000000000000000E+000  0.000000000000000E+000  0.000000000000000E+000
  0.000000000000000E+000  0.000000000000000E+000 -8.949645729622181E-004
  0.000000000000000E+000 -8.949645729622181E-004  0.000000000000000E+000
  0.000000000000000E+000  0.000000000000000E+000 -8.949645729622181E-004
  0.000000000000000E+000  0.000000000000000E+000  0.000000000000000E+000
 -8.949645729622181E-004  0.000000000000000E+000  0.000000000000000E+000
  0.000000000000000E+000  0.000000000000000E+000  0.000000000000000E+000
  0.000000000000000E+000  0.000000000000000E+000 -8.949645729622181E-004
  0.000000000000000E+000 -8.949645729622181E-004  0.000000000000000E+000
  6.001448660827543E-003  0.000000000000000E+000  0.000000000000000E+000
  0.000000000000000E+000  6.668901999676602E-003  0.000000000000000E+000
  0.000000000000000E+000  0.000000000000000E+000  3.611854108983654E-003
 dShat/dC
 -6.092625463123135E-004  0.000000000000000E+000  0.000000000000000E+000
  0.000000000000000E+000  2.833320879132020E-004  0.000000000000000E+000
  0.000000000000000E+000  0.000000000000000E+000  2.870234546245528E-004
  0.000000000000000E+000 -4.474822864811090E-004  0.000000000000000E+000
 -4.474822864811090E-004  0.000000000000000E+000  0.000000000000000E+000
  0.000000000000000E+000  0.000000000000000E+000  0.000000000000000E+000
  0.000000000000000E+000  0.000000000000000E+000 -4.474822864811090E-004
  0.000000000000000E+000  0.000000000000000E+000  0.000000000000000E+000
 -4.474822864811090E-004  0.000000000000000E+000  0.000000000000000E+000
  0.000000000000000E+000 -4.474822864811090E-004  0.000000000000000E+000
 -4.474822864811090E-004  0.000000000000000E+000  0.000000000000000E+000
  0.000000000000000E+000  0.000000000000000E+000  0.000000000000000E+000
  6.743832940818023E-004  0.000000000000000E+000  0.000000000000000E+000
  0.000000000000000E+000 -1.608868383623429E-004  0.000000000000000E+000
  0.000000000000000E+000  0.000000000000000E+000  6.207501240490815E-004
  0.000000000000000E+000  0.000000000000000E+000  0.000000000000000E+000
  0.000000000000000E+000  0.000000000000000E+000 -4.474822864811090E-004
  0.000000000000000E+000 -4.474822864811090E-004  0.000000000000000E+000
  0.000000000000000E+000  0.000000000000000E+000 -4.474822864811090E-004
  0.000000000000000E+000  0.000000000000000E+000  0.000000000000000E+000
 -4.474822864811090E-004  0.000000000000000E+000  0.000000000000000E+000
  0.000000000000000E+000  0.000000000000000E+000  0.000000000000000E+000
  0.000000000000000E+000  0.000000000000000E+000 -4.474822864811090E-004
  0.000000000000000E+000 -4.474822864811090E-004  0.000000000000000E+000
 -6.512102187741526E-005  0.000000000000000E+000  0.000000000000000E+000
  0.000000000000000E+000 -1.224455586214868E-004  0.000000000000000E+000
  0.000000000000000E+000  0.000000000000000E+000 -9.077738212973922E-004
 CCvol
  0.200000000000000       0.000000000000000E+000  0.000000000000000E+000
  0.000000000000000E+000  0.200000000000000       0.000000000000000E+000
  0.000000000000000E+000  0.000000000000000E+000  0.200000000000000     
  0.000000000000000E+000  0.000000000000000E+000  0.000000000000000E+000
  0.000000000000000E+000  0.000000000000000E+000  0.000000000000000E+000
  0.000000000000000E+000  0.000000000000000E+000  0.000000000000000E+000
  0.000000000000000E+000  0.000000000000000E+000  0.000000000000000E+000
  0.000000000000000E+000  0.000000000000000E+000  0.000000000000000E+000
  0.000000000000000E+000  0.000000000000000E+000  0.000000000000000E+000
  0.000000000000000E+000  0.000000000000000E+000  0.000000000000000E+000
  0.000000000000000E+000  0.000000000000000E+000  0.000000000000000E+000
  0.000000000000000E+000  0.000000000000000E+000  0.000000000000000E+000
  0.200000000000000       0.000000000000000E+000  0.000000000000000E+000
  0.000000000000000E+000  0.200000000000000       0.000000000000000E+000
  0.000000000000000E+000  0.000000000000000E+000  0.200000000000000     
  0.000000000000000E+000  0.000000000000000E+000  0.000000000000000E+000
  0.000000000000000E+000  0.000000000000000E+000  0.000000000000000E+000
  0.000000000000000E+000  0.000000000000000E+000  0.000000000000000E+000
  0.000000000000000E+000  0.000000000000000E+000  0.000000000000000E+000
  0.000000000000000E+000  0.000000000000000E+000  0.000000000000000E+000
  0.000000000000000E+000  0.000000000000000E+000  0.000000000000000E+000
  0.000000000000000E+000  0.000000000000000E+000  0.000000000000000E+000
  0.000000000000000E+000  0.000000000000000E+000  0.000000000000000E+000
  0.000000000000000E+000  0.000000000000000E+000  0.000000000000000E+000
  0.200000000000000       0.000000000000000E+000  0.000000000000000E+000
  0.000000000000000E+000  0.200000000000000       0.000000000000000E+000
  0.000000000000000E+000  0.000000000000000E+000  0.200000000000000     
 CCiso
  2.930841504825026E-003  0.000000000000000E+000  0.000000000000000E+000
  0.000000000000000E+000 -1.764499419532586E-003  0.000000000000000E+000
  0.000000000000000E+000  0.000000000000000E+000 -1.137723039199551E-003
  0.000000000000000E+000  2.183297396640736E-003  0.000000000000000E+000
  2.183297396640736E-003  0.000000000000000E+000  0.000000000000000E+000
  0.000000000000000E+000  0.000000000000000E+000  0.000000000000000E+000
  0.000000000000000E+000  0.000000000000000E+000  2.183297396640736E-003
  0.000000000000000E+000  0.000000000000000E+000  0.000000000000000E+000
  2.183297396640736E-003  0.000000000000000E+000  0.000000000000000E+000
  0.000000000000000E+000  2.183297396640736E-003  0.000000000000000E+000
  2.183297396640736E-003  0.000000000000000E+000  0.000000000000000E+000
  0.000000000000000E+000  0.000000000000000E+000  0.000000000000000E+000
 -1.764499419532586E-003  0.000000000000000E+000  0.000000000000000E+000
  0.000000000000000E+000  2.397478001182296E-003  0.000000000000000E+000
  0.000000000000000E+000  0.000000000000000E+000 -1.576378366290431E-003
  0.000000000000000E+000  0.000000000000000E+000  0.000000000000000E+000
  0.000000000000000E+000  0.000000000000000E+000  2.183297396640736E-003
  0.000000000000000E+000  2.183297396640736E-003  0.000000000000000E+000
  0.000000000000000E+000  0.000000000000000E+000  2.183297396640736E-003
  0.000000000000000E+000  0.000000000000000E+000  0.000000000000000E+000
  2.183297396640736E-003  0.000000000000000E+000  0.000000000000000E+000
  0.000000000000000E+000  0.000000000000000E+000  0.000000000000000E+000
  0.000000000000000E+000  0.000000000000000E+000  2.183297396640736E-003
  0.000000000000000E+000  2.183297396640736E-003  0.000000000000000E+000
 -1.137723039199552E-003  0.000000000000000E+000  0.000000000000000E+000
  0.000000000000000E+000 -1.576378366290431E-003  0.000000000000000E+000
  0.000000000000000E+000  0.000000000000000E+000  3.628882694473997E-003
 CC_ref
  0.202930841504825       0.000000000000000E+000  0.000000000000000E+000
  0.000000000000000E+000  0.198235500580467       0.000000000000000E+000
  0.000000000000000E+000  0.000000000000000E+000  0.198862276960800     
  0.000000000000000E+000  2.183297396640736E-003  0.000000000000000E+000
  2.183297396640736E-003  0.000000000000000E+000  0.000000000000000E+000
  0.000000000000000E+000  0.000000000000000E+000  0.000000000000000E+000
  0.000000000000000E+000  0.000000000000000E+000  2.183297396640736E-003
  0.000000000000000E+000  0.000000000000000E+000  0.000000000000000E+000
  2.183297396640736E-003  0.000000000000000E+000  0.000000000000000E+000
  0.000000000000000E+000  2.183297396640736E-003  0.000000000000000E+000
  2.183297396640736E-003  0.000000000000000E+000  0.000000000000000E+000
  0.000000000000000E+000  0.000000000000000E+000  0.000000000000000E+000
  0.198235500580467       0.000000000000000E+000  0.000000000000000E+000
  0.000000000000000E+000  0.202397478001182       0.000000000000000E+000
  0.000000000000000E+000  0.000000000000000E+000  0.198423621633710     
  0.000000000000000E+000  0.000000000000000E+000  0.000000000000000E+000
  0.000000000000000E+000  0.000000000000000E+000  2.183297396640736E-003
  0.000000000000000E+000  2.183297396640736E-003  0.000000000000000E+000
  0.000000000000000E+000  0.000000000000000E+000  2.183297396640736E-003
  0.000000000000000E+000  0.000000000000000E+000  0.000000000000000E+000
  2.183297396640736E-003  0.000000000000000E+000  0.000000000000000E+000
  0.000000000000000E+000  0.000000000000000E+000  0.000000000000000E+000
  0.000000000000000E+000  0.000000000000000E+000  2.183297396640736E-003
  0.000000000000000E+000  2.183297396640736E-003  0.000000000000000E+000
  0.198862276960800       0.000000000000000E+000  0.000000000000000E+000
  0.000000000000000E+000  0.198423621633710       0.000000000000000E+000
  0.000000000000000E+000  0.000000000000000E+000  0.203628882694474     
 DDSDDE
  0.202902222461904       0.198235500580467       0.198862276960800     
  0.000000000000000E+000  0.000000000000000E+000  0.000000000000000E+000
  0.198235500580467       0.203340877690101       0.198423621633710     
  0.000000000000000E+000  0.000000000000000E+000  0.000000000000000E+000
  0.198862276960800       0.198423621633710       0.202714101498040     
  0.000000000000000E+000  0.000000000000000E+000  0.000000000000000E+000
  0.000000000000000E+000  0.000000000000000E+000  0.000000000000000E+000
  2.411992558140216E-003  0.000000000000000E+000  0.000000000000000E+000
  0.000000000000000E+000  0.000000000000000E+000  0.000000000000000E+000
  0.000000000000000E+000  1.947447336801993E-003  0.000000000000000E+000
  0.000000000000000E+000  0.000000000000000E+000  0.000000000000000E+000
  0.000000000000000E+000  0.000000000000000E+000  2.190452019761941E-003

  NUMBER OF EQUATIONS =      3888     NUMBER OF RHS =    1
  NUMBER OF FLOATING PT. OPERATIONS =  1.46E+08

     CHECK POINT   START OF SOLVER    

     CHECK POINT  END OF SOLVER       

       ELAPSED USER TIME (SEC)      =  9.00000E-02
       ELAPSED SYSTEM TIME (SEC)    =  3.00000E-02
       ELAPSED TOTAL CPU TIME (SEC) =  0.12000    
       ELAPSED WALLCLOCK TIME (SEC) =          1
 ***************************************************
 deformation gradient
   1.06989235286233       0.319014315178407      -4.787288042331609E-002
 -9.582646111694192E-002  0.891290008649984      -1.771437376271345E-002
  1.664928022276698E-002  8.173875529481345E-003   1.03199142637052     
 J
   1.01644760673996     
 C
   1.24873159268208       0.182658311880871      -2.898388125713181E-002
  0.182658311880871       0.803894389207291      -1.259122985915990E-002
 -2.898388125713181E-002 -1.259122985915990E-002   1.06535031487537     
 Chat
   1.23522413154982       0.180682506941945      -2.867036420363776E-002
  0.180682506941945       0.795198707701121      -1.245503121653198E-002
 -2.867036420363776E-002 -1.245503121653198E-002   1.05382647896480     
 I1hat, I2hat, I4ahat, I4shat
   3.08424931821574        3.08833869872619        1.23522413154982     
  0.795198707701121     
 S^hat
  2.978719613356736E-003 -1.644550537646631E-004  2.609542211010324E-005
 -1.644550537646631E-004  3.873405436012284E-003  1.133642023803365E-005
  2.609542211010324E-005  1.133642023803365E-005  2.693204436082408E-003
 S_iso
  3.119411244967811E-004  4.349276388798557E-004 -3.879953625177080E-005
  4.349276388798557E-004 -2.590637661066459E-004 -2.087371598405654E-005
 -3.879953625177080E-005 -2.087371598405654E-005 -3.218961679064504E-004
 S
  3.083082898004663E-003 -1.936578503739703E-004  2.916287828712473E-005
 -1.936578503739703E-004  4.043575335801455E-003  1.287731431141170E-005
  2.916287828712473E-005  1.287731431141170E-005  2.818874371418246E-003
 sigma
  3.549352445741769E-003  5.205946709267727E-004 -6.781810379294690E-005
  5.205946709267729E-004  3.361092430307612E-003 -5.544776961185960E-005
 -6.781810379294689E-005 -5.544776961185959E-005  2.958118888319281E-003
 Psi24a
  5.332834234681677E-005
 CChat
  4.583475187534619E-003 -2.531988221588181E-004  4.017711825062231E-005
 -2.531988221588181E-004  7.739872806867498E-003  1.745381601878307E-005
  4.017711825062231E-005  1.745381601878307E-005  5.934501786549169E-003
 -2.531988221588181E-004 -8.766138162253716E-004 -2.219874905928134E-006
 -8.766138162253716E-004 -3.292280058818693E-004 -9.643620518299099E-007
 -2.219874905928134E-006 -9.643620518299099E-007 -2.295091184566751E-004
  4.017711825062231E-005 -2.219874905928134E-006 -8.902513671839872E-004
 -2.219874905928134E-006  5.224128773962298E-005  1.530231770528546E-007
 -8.902513671839872E-004  1.530231770528546E-007  3.641808012063371E-005
 -2.531988221588181E-004 -8.766138162253716E-004 -2.219874905928134E-006
 -8.766138162253716E-004 -3.292280058818693E-004 -9.643620518299099E-007
 -2.219874905928134E-006 -9.643620518299099E-007 -2.295091184566751E-004
  7.739872806867498E-003 -3.292280058818693E-004  5.224128773962298E-005
 -3.292280058818693E-004  7.747900704859759E-003  2.269475424055742E-005
  5.224128773962298E-005  2.269475424055742E-005  7.181993065824928E-003
  1.745381601878307E-005 -9.643620518299099E-007  1.530231770528546E-007
 -9.643620518299099E-007  2.269475424055742E-005 -8.905371362019945E-004
  1.530231770528546E-007 -8.905371362019945E-004  1.582080790906393E-005
  4.017711825062231E-005 -2.219874905928134E-006 -8.902513671839872E-004
 -2.219874905928134E-006  5.224128773962298E-005  1.530231770528546E-007
 -8.902513671839872E-004  1.530231770528546E-007  3.641808012063371E-005
  1.745381601878307E-005 -9.643620518299099E-007  1.530231770528546E-007
 -9.643620518299099E-007  2.269475424055742E-005 -8.905371362019945E-004
  1.530231770528546E-007 -8.905371362019945E-004  1.582080790906393E-005
  5.934501786549169E-003 -2.295091184566751E-004  3.641808012063371E-005
 -2.295091184566751E-004  7.181993065824928E-003  1.582080790906393E-005
  3.641808012063371E-005  1.582080790906393E-005  3.765453542350959E-003
 dShat/dC
 -2.208466969429060E-004  3.196639249904214E-005 -5.072367716917101E-006
  3.196639249904214E-005  6.417240651993600E-004 -2.203547112523795E-006
 -5.072367716917101E-006 -2.203547112523795E-006  6.105324040185407E-004
  4.476369809702060E-004 -4.793818258149138E-004  4.635074377272543E-006
 -4.793818258149138E-004  5.754491830564973E-004  2.013577352901299E-006
  4.635074377272543E-006  2.013577352901299E-006  4.259314918813104E-004
 -4.192765959159423E-005  2.800713097289136E-006 -4.506156964368527E-004
  2.800713097289136E-006 -5.380368513700219E-005 -1.930622374333910E-007
 -4.506156964368527E-004 -1.930622374333910E-007 -4.018627771538119E-005
  4.476369809702060E-004 -4.793818258149138E-004  4.635074377272543E-006
 -4.793818258149138E-004  5.754491830564973E-004  2.013577352901299E-006
  4.635074377272543E-006  2.013577352901299E-006  4.259314918813104E-004
 -2.784306286283153E-005  8.193406962484665E-005 -1.300114580314820E-005
  8.193406962484665E-005 -1.161707523655107E-003 -5.647981158479618E-006
 -1.300114580314820E-005 -5.647981158479618E-006 -7.929604567883232E-005
 -2.208482488205539E-005  1.460654393375653E-006 -2.317739229021165E-007
  1.460654393375653E-006 -2.836186151810070E-005 -4.502719721355119E-004
 -2.317739229021165E-007 -4.502719721355119E-004 -2.110186361543374E-005
 -4.192765959159423E-005  2.800713097289136E-006 -4.506156964368527E-004
  2.800713097289136E-006 -5.380368513700219E-005 -1.930622374333910E-007
 -4.506156964368527E-004 -1.930622374333910E-007 -4.018627771538119E-005
 -2.208482488205539E-005  1.460654393375653E-006 -2.317739229021165E-007
  1.460654393375653E-006 -2.836186151810070E-005 -4.502719721355119E-004
 -2.317739229021165E-007 -4.502719721355119E-004 -2.110186361543374E-005
  1.235697034556432E-004  6.527572879230760E-005 -1.035783125775792E-005
  6.527572879230760E-005 -7.650587688299345E-005 -4.499667696393509E-006
 -1.035783125775792E-005 -4.499667696393509E-006 -8.045301726738101E-004
 CCvol
  0.139635894027460      -3.167398276181940E-002  3.424578491482411E-003
 -3.167398276181940E-002  0.223702541870714       1.782188584311445E-003
  3.424578491482411E-003  1.782188584311445E-003  0.163464502881556     
 -3.167398276181941E-002  3.736909304771429E-003 -8.175551826740630E-004
  3.736909304771429E-003 -4.917890453928436E-002 -4.795725392707235E-004
 -8.175551826740630E-004 -4.795725392707235E-004 -3.708108848444022E-002
  3.424578491482412E-003 -8.175551826740631E-004 -2.517649063347207E-003
 -8.175551826740631E-004  5.504804323364362E-003  6.328451909849938E-004
 -2.517649063347207E-003  6.328451909849938E-004  3.881365918726560E-003
 -3.167398276181941E-002  3.736909304771429E-003 -8.175551826740630E-004
  3.736909304771429E-003 -4.917890453928436E-002 -4.795725392707235E-004
 -8.175551826740630E-004 -4.795725392707235E-004 -3.708108848444022E-002
  0.223702541870714      -4.917890453928436E-002  5.504804323364361E-003
 -4.917890453928436E-002  0.336627366169259       2.640593404365203E-003
  5.504804323364361E-003  2.640593404365203E-003  0.253808292218039     
  1.782188584311445E-003 -4.795725392707235E-004  6.328451909849938E-004
 -4.795725392707235E-004  2.640593404365203E-003 -4.020546666307266E-003
  6.328451909849938E-004 -4.020546666307266E-003  1.927537442563426E-003
  3.424578491482412E-003 -8.175551826740631E-004 -2.517649063347207E-003
 -8.175551826740631E-004  5.504804323364362E-003  6.328451909849938E-004
 -2.517649063347207E-003  6.328451909849938E-004  3.881365918726560E-003
  1.782188584311445E-003 -4.795725392707235E-004  6.328451909849938E-004
 -4.795725392707235E-004  2.640593404365203E-003 -4.020546666307266E-003
  6.328451909849938E-004 -4.020546666307266E-003  1.927537442563426E-003
  0.163464502881556      -3.708108848444022E-002  3.881365918726560E-003
 -3.708108848444022E-002  0.253808292218039       1.927537442563426E-003
  3.881365918726560E-003  1.927537442563426E-003  0.179370903941304     
 CCiso
  1.607571824279504E-003 -6.799181420871077E-004  6.577078446640910E-005
 -6.799181420871077E-004 -1.636104568512191E-003 -4.254025498315926E-005
  6.577078446640910E-005 -4.254025498315926E-005 -9.996017544831887E-004
 -6.799181420871075E-004  2.715497483200051E-003  3.311115988049383E-006
  2.715497483200051E-003 -1.385422043110673E-003  7.011861801449750E-005
  3.311115988049383E-006  7.011861801449750E-005  9.654497150026199E-005
  6.577078446640903E-005  3.311115988049388E-006  1.561718201232014E-003
  3.311115988049388E-006 -4.204849404483792E-005 -5.546730304018942E-004
  1.561718201232014E-003 -5.546730304018942E-004  9.820548677488507E-005
 -6.799181420871075E-004  2.715497483200051E-003  3.311115988049383E-006
  2.715497483200051E-003 -1.385422043110673E-003  7.011861801449750E-005
  3.311115988049383E-006  7.011861801449750E-005  9.654497150026199E-005
 -1.636104568512193E-003 -1.385422043110673E-003 -4.204849404483787E-005
 -1.385422043110673E-003  5.962693594254265E-003  6.979126130126393E-005
 -4.204849404483787E-005  6.979126130126393E-005 -1.620833133583288E-003
 -4.254025498315926E-005  7.011861801449750E-005 -5.546730304018942E-004
  7.011861801449750E-005  6.979126130126389E-005  2.914354910476555E-003
 -5.546730304018942E-004  2.914354910476555E-003  5.104984425487397E-005
  6.577078446640903E-005  3.311115988049388E-006  1.561718201232014E-003
  3.311115988049388E-006 -4.204849404483792E-005 -5.546730304018942E-004
  1.561718201232014E-003 -5.546730304018942E-004  9.820548677488507E-005
 -4.254025498315926E-005  7.011861801449750E-005 -5.546730304018942E-004
  7.011861801449750E-005  6.979126130126389E-005  2.914354910476555E-003
 -5.546730304018942E-004  2.914354910476555E-003  5.104984425487397E-005
 -9.996017544831892E-004  9.654497150026236E-005  9.820548677488516E-005
  9.654497150026236E-005 -1.620833133583289E-003  5.104984425487398E-005
  9.820548677488516E-005  5.104984425487398E-005  2.972462803046316E-003
 CC_ref
  0.141243465851739      -3.235390090390651E-002  3.490349275948820E-003
 -3.235390090390651E-002  0.222066437302202       1.739648329328285E-003
  3.490349275948820E-003  1.739648329328285E-003  0.162464901127073     
 -3.235390090390652E-002  6.452406787971481E-003 -8.142440666860137E-004
  6.452406787971481E-003 -5.056432658239503E-002 -4.094539212562260E-004
 -8.142440666860137E-004 -4.094539212562260E-004 -3.698454351293996E-002
  3.490349275948821E-003 -8.142440666860137E-004 -9.559308621151931E-004
 -8.142440666860137E-004  5.462755829319523E-003  7.817216058309960E-005
 -9.559308621151931E-004  7.817216058309960E-005  3.979571405501445E-003
 -3.235390090390652E-002  6.452406787971481E-003 -8.142440666860137E-004
  6.452406787971481E-003 -5.056432658239503E-002 -4.094539212562260E-004
 -8.142440666860137E-004 -4.094539212562260E-004 -3.698454351293996E-002
  0.222066437302202      -5.056432658239503E-002  5.462755829319522E-003
 -5.056432658239503E-002  0.342590059763514       2.710384665666467E-003
  5.462755829319522E-003  2.710384665666467E-003  0.252187459084456     
  1.739648329328286E-003 -4.094539212562260E-004  7.817216058309960E-005
 -4.094539212562260E-004  2.710384665666467E-003 -1.106191755830711E-003
  7.817216058309960E-005 -1.106191755830711E-003  1.978587286818300E-003
  3.490349275948821E-003 -8.142440666860137E-004 -9.559308621151931E-004
 -8.142440666860137E-004  5.462755829319523E-003  7.817216058309960E-005
 -9.559308621151931E-004  7.817216058309960E-005  3.979571405501445E-003
  1.739648329328286E-003 -4.094539212562260E-004  7.817216058309960E-005
 -4.094539212562260E-004  2.710384665666467E-003 -1.106191755830711E-003
  7.817216058309960E-005 -1.106191755830711E-003  1.978587286818300E-003
  0.162464901127073      -3.698454351293996E-002  3.979571405501445E-003
 -3.698454351293996E-002  0.252187459084456       1.978587286818300E-003
  3.979571405501445E-003  1.978587286818300E-003  0.182343366744350     
 DDSDDE
  0.209576148624090       0.204820587930545       0.205340391475990     
  8.648552245086525E-005 -1.846118906168192E-005  8.462747989790069E-006
  0.204820587930545       0.209738065595764       0.205178474558217     
  3.353219239306108E-005  1.561445989314979E-005 -1.011867018281945E-005
  0.205340391475990       0.205178474558218       0.209218262120051     
 -1.200178382580926E-004  2.846744583905863E-006  1.655934741651429E-006
  8.648552245086151E-005  3.353219239306173E-005 -1.200178382580836E-004
  2.558717545640429E-003 -3.101762132819971E-005 -2.905736571220542E-005
 -1.846118906168158E-005  1.561445989314861E-005  2.846744583901147E-006
 -3.101762132820021E-005  1.984410942855020E-003  2.344378793988662E-005
  8.462747989791960E-006 -1.011867018281915E-005  1.655934741649708E-006
 -2.905736571220536E-005  2.344378793988673E-005  2.130240696363882E-003

               CONVERGENCE CHECKS FOR EQUILIBRIUM ITERATION     1


 AVERAGE FORCE                      2.730E-03   TIME AVG. FORCE       2.730E-03
 LARGEST RESIDUAL FORCE            -3.276E-02   AT NODE         91   DOF  2
   INSTANCE: PART-1-1                                                                        
 LARGEST INCREMENT OF DISP.          2.61       AT NODE        648   DOF  2
   INSTANCE: PART-1-1                                                                        
 LARGEST CORRECTION TO DISP.         2.61       AT NODE        648   DOF  2
   INSTANCE: PART-1-1                                                                        
          FORCE     EQUILIBRIUM NOT ACHIEVED WITHIN TOLERANCE.

  NUMBER OF EQUATIONS =      3888     NUMBER OF RHS =    1
  NUMBER OF FLOATING PT. OPERATIONS =  1.46E+08

     CHECK POINT   START OF SOLVER    

     CHECK POINT  END OF SOLVER       

       ELAPSED USER TIME (SEC)      =  5.00000E-02
       ELAPSED SYSTEM TIME (SEC)    =  1.00000E-02
       ELAPSED TOTAL CPU TIME (SEC) =  6.00000E-02
       ELAPSED WALLCLOCK TIME (SEC) =          0
 

 ***WARNING: THE SYSTEM MATRIX HAS 10 NEGATIVE EIGENVALUES.

     NEGATIVE EIGENVALUES MEAN THAT THE SYSTEM MATRIX IS NOT 
     POSITIVE DEFINITE:
     FOR EXAMPLE, A BIFURCATION (BUCKLING) LOAD MAY HAVE BEEN EXCEEDED.
 ***************************************************
 deformation gradient
   1.05227652854538       0.338152224983402      -5.290579354820323E-002
 -7.077362064046851E-002  0.885420624906717      -4.738160016606530E-003
  1.068532516918954E-002  1.136731508239893E-002   1.04827591286133     
 J
   1.00235663344028     
 C
   1.22443184277971       0.225184210633898      -4.037206926478162E-002
  0.225184210633898       0.789001038549105       4.341717057133692E-003
 -4.037206926478162E-002  4.341717057133692E-003   1.09912578151140     
 Chat
   1.22251192133790       0.224831119527273      -4.030876545421112E-002
  0.224831119527273       0.787763876986821       4.334909201129757E-003
 -4.030876545421112E-002  4.334909201129757E-003   1.09740234123368     
 I1hat, I2hat, I4ahat, I4shat
   3.10767813955840        3.11693947810459        1.22251192133790     
  0.787763876986821     
 S^hat
  3.038438382042312E-003 -2.064642355033134E-004  3.701586533521018E-005
 -2.064642355033134E-004  3.936266370521232E-003 -3.980782180284290E-006
  3.701586533521018E-005 -3.980782180284290E-006  2.698777347129669E-003
 S_iso
  2.483402494124158E-004  5.893857523702560E-004 -6.849292793552686E-005
  5.893857523702560E-004 -3.872575700384910E-004  4.230020081818666E-005
 -6.849292793552686E-005  4.230020081818666E-005 -2.455295122903453E-004
 S
  6.561102692455860E-004  4.729215242353358E-004 -5.305504585135575E-005
  4.729215242353358E-004  2.447983164447636E-004  3.552562612092195E-005
 -5.305504585135575E-005  3.552562612092195E-005  1.848944781022519E-004
 sigma
  6.545194735065143E-004  6.454123802940079E-004 -9.586597261791345E-005
  6.454123802940079E-004  5.491675886165961E-004 -1.923075526063629E-005
 -9.586597261791345E-005 -1.923075526063629E-005  2.102927142015935E-004
 Psi24a
  5.448302090216820E-005
 CChat
  4.881321626091003E-003 -3.318966195797868E-004  5.950396467275665E-005
 -3.318966195797868E-004  8.153191714295398E-003 -6.399210718984817E-006
  5.950396467275665E-005 -6.399210718984817E-006  6.176589951822811E-003
 -3.318966195797868E-004 -8.928595583212229E-004 -4.046625433096899E-006
 -8.928595583212229E-004 -4.299539398846549E-004  4.351845963475129E-007
 -4.046625433096899E-006  4.351845963475129E-007 -2.955750850709664E-004
  5.950396467275665E-005 -4.046625433096899E-006 -9.147050154352745E-004
 -4.046625433096899E-006  7.708413566308932E-005 -7.802191200373207E-008
 -9.147050154352745E-004 -7.802191200373207E-008  5.299207157481083E-005
 -3.318966195797868E-004 -8.928595583212229E-004 -4.046625433096899E-006
 -8.928595583212229E-004 -4.299539398846549E-004  4.351845963475129E-007
 -4.046625433096899E-006  4.351845963475129E-007 -2.955750850709664E-004
  8.153191714295398E-003 -4.299539398846549E-004  7.708413566308932E-005
 -4.299539398846549E-004  8.190228898975463E-003 -8.289827911664580E-006
  7.708413566308932E-005 -8.289827911664580E-006  7.460897041013621E-003
 -6.399210718984817E-006  4.351845963475129E-007 -7.802191200373207E-008
  4.351845963475129E-007 -8.289827911664580E-006 -9.154221225247728E-004
 -7.802191200373207E-008 -9.154221225247728E-004 -5.698904842856589E-006
  5.950396467275665E-005 -4.046625433096899E-006 -9.147050154352745E-004
 -4.046625433096899E-006  7.708413566308932E-005 -7.802191200373207E-008
 -9.147050154352745E-004 -7.802191200373207E-008  5.299207157481083E-005
 -6.399210718984817E-006  4.351845963475129E-007 -7.802191200373207E-008
  4.351845963475129E-007 -8.289827911664580E-006 -9.154221225247728E-004
 -7.802191200373207E-008 -9.154221225247728E-004 -5.698904842856589E-006
  6.176589951822811E-003 -2.955750850709664E-004  5.299207157481083E-005
 -2.955750850709664E-004  7.460897041013621E-003 -5.698904842856589E-006
  5.299207157481083E-005 -5.698904842856589E-006  3.870929587655807E-003
 dShat/dC
 -2.993843053608336E-004  4.591574508222555E-005 -8.231987649513386E-006
  4.591574508222555E-005  5.608874798680424E-004  8.852893062676044E-007
 -8.231987649513386E-006  8.852893062676044E-007  5.621546520586840E-004
  6.174770492259330E-004 -5.077163497484711E-004  8.835552749020225E-006
 -5.077163497484711E-004  7.906443319999501E-004 -9.501982627650456E-007
  8.835552749020225E-006 -9.501982627650456E-007  5.748629414656900E-004
 -7.408256097083505E-005  6.004398502790365E-006 -4.595105822589518E-004
  6.004398502790365E-006 -9.474199632259620E-005  1.157692154525715E-007
 -4.595105822589518E-004  1.157692154525715E-007 -6.928384431920531E-005
  6.174770492259330E-004 -5.077163497484711E-004  8.835552749020225E-006
 -5.077163497484711E-004  7.906443319999501E-004 -9.501982627650456E-007
  8.835552749020225E-006 -9.501982627650456E-007  5.748629414656900E-004
 -1.700961718354395E-004  1.134850839803066E-004 -2.034613198711907E-005
  1.134850839803066E-004 -1.357832375074208E-003  2.188075813399753E-006
 -2.034613198711907E-005  2.188075813399753E-006 -1.868047332760583E-004
  4.238137731931349E-005 -3.306244723619583E-006  5.927588822170978E-007
 -3.306244723619583E-006  5.436391589215978E-005 -4.584978326860824E-004
  5.927588822170978E-007 -4.584978326860824E-004  3.919522464383769E-005
 -7.408256097083505E-005  6.004398502790365E-006 -4.595105822589518E-004
  6.004398502790365E-006 -9.474199632259620E-005  1.157692154525715E-007
 -4.595105822589518E-004  1.157692154525715E-007 -6.928384431920531E-005
  4.238137731931349E-005 -3.306244723619583E-006  5.927588822170978E-007
 -3.306244723619583E-006  5.436391589215978E-005 -4.584978326860824E-004
  5.927588822170978E-007 -4.584978326860824E-004  3.919522464383769E-005
  1.968287343119520E-004  7.588977924370891E-005 -1.360587145737826E-005
  7.588977924370891E-005  1.852302356957890E-005  1.463210711252780E-006
 -1.360587145737826E-005  1.463210711252780E-006 -7.330970964224612E-004
 CCvol
  0.149346224562517      -4.265515345059973E-002  5.654141531678936E-003
 -4.265515345059973E-002  0.232524832050247      -2.485278650611720E-003
  5.654141531678936E-003 -2.485278650611720E-003  0.158385272403515     
 -4.265515345059973E-002  1.166601707385072E-002 -1.612852127340865E-003
  1.166601707385072E-002 -6.611678033203208E-002  6.896768459362257E-004
 -1.612852127340865E-003  6.896768459362257E-004 -4.523666421421103E-002
  5.654141531678936E-003 -1.612852127340865E-003 -1.569411632345104E-004
 -1.612852127340865E-003  8.802058091059588E-003  1.194950096263686E-005
 -1.569411632345104E-004  1.194950096263686E-005  5.968261622827110E-003
 -4.265515345059973E-002  1.166601707385072E-002 -1.612852127340865E-003
  1.166601707385072E-002 -6.611678033203208E-002  6.896768459362257E-004
 -1.612852127340865E-003  6.896768459362257E-004 -4.523666421421103E-002
  0.232524832050246      -6.611678033203208E-002  8.802058091059588E-003
 -6.611678033203208E-002  0.358818333091679      -3.845928267202355E-003
  8.802058091059588E-003 -3.845928267202355E-003  0.245503341002435     
 -2.485278650611720E-003  6.896768459362257E-004  1.194950096263686E-005
  6.896768459362257E-004 -3.845928267202355E-003 -5.345286978189970E-004
  1.194950096263686E-005 -5.345286978189970E-004 -2.619040225609513E-003
  5.654141531678936E-003 -1.612852127340865E-003 -1.569411632345104E-004
 -1.612852127340865E-003  8.802058091059588E-003  1.194950096263686E-005
 -1.569411632345104E-004  1.194950096263686E-005  5.968261622827110E-003
 -2.485278650611720E-003  6.896768459362257E-004  1.194950096263686E-005
  6.896768459362257E-004 -3.845928267202355E-003 -5.345286978189970E-004
  1.194950096263686E-005 -5.345286978189970E-004 -2.619040225609513E-003
  0.158385272403515      -4.523666421421104E-002  5.968261622827110E-003
 -4.523666421421104E-002  0.245503341002435      -2.619040225609514E-003
