1

   Abaqus 2020                                  Date 30-May-2021   Time 21:10:18
   For use by PURDUE UNIVERSITY under license from Dassault Systemes or its subsidiary.

                                                                                 
                                                                                 
 STEP    1     INCREMENT     1     STEP TIME    0.00    


                        S T E P       1     S T A T I C   A N A L Y S I S


                                                                                          

     AUTOMATIC TIME CONTROL WITH -
          A SUGGESTED INITIAL TIME INCREMENT OF                0.100    
          AND A TOTAL TIME PERIOD OF                            10.0    
          THE MINIMUM TIME INCREMENT ALLOWED IS                1.000E-04
          THE MAXIMUM TIME INCREMENT ALLOWED IS                 10.0    

     LINEAR EQUATION SOLVER TYPE         DIRECT SPARSE

 CONVERGENCE TOLERANCE PARAMETERS FOR FORCE    
     CRITERION FOR RESIDUAL FORCE     FOR A NONLINEAR PROBLEM          5.000E-03
     CRITERION FOR DISP.    CORRECTION IN A NONLINEAR PROBLEM          1.000E-02
     INITIAL VALUE OF TIME AVERAGE FORCE                               1.000E-02
     AVERAGE FORCE     IS TIME AVERAGE FORCE    
     ALTERNATE CRIT. FOR RESIDUAL FORCE     FOR A NONLINEAR PROBLEM    2.000E-02
     CRITERION FOR ZERO FORCE     RELATIVE TO TIME AVRG. FORCE         1.000E-05
     CRITERION FOR RESIDUAL FORCE     WHEN THERE IS ZERO FLUX          1.000E-05
     CRITERION FOR DISP.    CORRECTION WHEN THERE IS ZERO FLUX         1.000E-03
     CRITERION FOR RESIDUAL FORCE     FOR A LINEAR INCREMENT           1.000E-08
     FIELD CONVERSION RATIO                                             1.00    
     CRITERION FOR ZERO FORCE     REL. TO TIME AVRG. MAX. FORCE        1.000E-05
     CRITERION FOR ZERO DISP.    RELATIVE TO CHARACTERISTIC LENGTH     1.000E-08

 CONVERGENCE TOLERANCE PARAMETERS FOR MOMENT   
     CRITERION FOR RESIDUAL MOMENT    FOR A NONLINEAR PROBLEM          5.000E-03
     CRITERION FOR ROTATION CORRECTION IN A NONLINEAR PROBLEM          1.000E-02
     INITIAL VALUE OF TIME AVERAGE MOMENT                              1.000E-02
     AVERAGE MOMENT    IS TIME AVERAGE MOMENT   
     ALTERNATE CRIT. FOR RESIDUAL MOMENT    FOR A NONLINEAR PROBLEM    2.000E-02
     CRITERION FOR ZERO MOMENT    RELATIVE TO TIME AVRG. MOMENT        1.000E-05
     CRITERION FOR RESIDUAL MOMENT    WHEN THERE IS ZERO FLUX          1.000E-05
     CRITERION FOR ROTATION CORRECTION WHEN THERE IS ZERO FLUX         1.000E-03
     CRITERION FOR RESIDUAL MOMENT    FOR A LINEAR INCREMENT           1.000E-08
     FIELD CONVERSION RATIO                                             1.00    
     CRITERION FOR ZERO MOMENT    REL. TO TIME AVRG. MAX. MOMENT       1.000E-05

     VOLUMETRIC STRAIN COMPATIBILITY TOLERANCE FOR HYBRID SOLIDS       1.000E-05
     AXIAL STRAIN COMPATIBILITY TOLERANCE FOR HYBRID BEAMS             1.000E-05
     TRANS. SHEAR STRAIN COMPATIBILITY TOLERANCE FOR HYBRID BEAMS      1.000E-05
     SOFT CONTACT CONSTRAINT COMPATIBILITY TOLERANCE FOR P>P0          5.000E-03
     SOFT CONTACT CONSTRAINT COMPATIBILITY TOLERANCE FOR P=0.0         0.100    
     CONTACT FORCE ERROR TOLERANCE FOR CONVERT SDI=YES                 1.00    
     DISPLACEMENT COMPATIBILITY TOLERANCE FOR DCOUP ELEMENTS           1.000E-05
     ROTATION COMPATIBILITY TOLERANCE FOR DCOUP ELEMENTS               1.000E-05

 EQUILIBRIUM WILL BE CHECKED FOR SEVERE DISCONTINUITY ITERATIONS

 TIME INCREMENTATION CONTROL PARAMETERS:
     FIRST EQUILIBRIUM ITERATION FOR CONSECUTIVE DIVERGENCE CHECK              4
     EQUILIBRIUM ITERATION AT WHICH LOG. CONVERGENCE RATE CHECK BEGINS         8
     EQUILIBRIUM ITERATION AFTER WHICH ALTERNATE RESIDUAL IS USED              9
     MAXIMUM EQUILIBRIUM ITERATIONS ALLOWED                                   16
     EQUILIBRIUM ITERATION COUNT FOR CUT-BACK IN NEXT INCREMENT               10
     MAXIMUM EQUILIB. ITERS IN TWO INCREMENTS FOR TIME INCREMENT INCREASE      4
     MAXIMUM ITERATIONS FOR SEVERE DISCONTINUITIES                            50
     MAXIMUM ATTEMPTS ALLOWED IN AN INCREMENT                                  5
     MAXIMUM DISCON. ITERS IN TWO INCREMENTS FOR TIME INCREMENT INCREASE      50
     MAXIMUM CONTACT AUGMENTATIONS FOR *SURFACE BEHAVIOR,AUGMENTED LAGRANGE   50
     CUT-BACK FACTOR AFTER DIVERGENCE                                 0.2500    
     CUT-BACK FACTOR FOR TOO SLOW CONVERGENCE                         0.5000    
     CUT-BACK FACTOR AFTER TOO MANY EQUILIBRIUM ITERATIONS            0.7500    
     CUT-BACK FACTOR AFTER TOO MANY SEVERE DISCONTINUITY ITERATIONS   0.2500    
     CUT-BACK FACTOR AFTER PROBLEMS IN ELEMENT ASSEMBLY               0.2500    
     INCREASE FACTOR AFTER TWO INCREMENTS THAT CONVERGE QUICKLY        1.500    
     MAX. TIME INCREMENT INCREASE FACTOR ALLOWED                       1.500    
     MAX. TIME INCREMENT INCREASE FACTOR ALLOWED (DYNAMICS)            1.250    
     MAX. TIME INCREMENT INCREASE FACTOR ALLOWED (DIFFUSION)           2.000    
     MINIMUM TIME INCREMENT RATIO FOR EXTRAPOLATION TO OCCUR          0.1000    
     MAX. RATIO OF TIME INCREMENT TO STABILITY LIMIT                   1.000    
     FRACTION OF STABILITY LIMIT FOR NEW TIME INCREMENT               0.9500    
     TIME INCREMENT INCREASE FACTOR BEFORE A TIME POINT                1.000    
     GLOBAL STABILIZATION CONTROL IS NOT USED

          PRINT OF INCREMENT NUMBER, TIME, ETC., EVERY    1  INCREMENTS

     THE MAXIMUM NUMBER OF INCREMENTS IN THIS STEP IS                     100

          LARGE DISPLACEMENT THEORY WILL BE USED

     LINEAR EXTRAPOLATION WILL BE USED

     CHARACTERISTIC ELEMENT LENGTH      3.07    

     DETAILS REGARDING ACTUAL SOLUTION WAVEFRONT REQUESTED

     DETAILED OUTPUT OF DIAGNOSTICS TO DATABASE REQUESTED

     PRINT OF INCREMENT NUMBER, TIME, ETC., TO THE MESSAGE FILE EVERY     1  INCREMENTS
 ***************************************************
 deformation gradient
   1.00000000000000       0.000000000000000E+000  0.000000000000000E+000
  0.000000000000000E+000   1.00000000000000       0.000000000000000E+000
  0.000000000000000E+000  0.000000000000000E+000   1.00000000000000     
 J
   1.00000000000000     
 C
   1.00000000000000       0.000000000000000E+000  0.000000000000000E+000
  0.000000000000000E+000   1.00000000000000       0.000000000000000E+000
  0.000000000000000E+000  0.000000000000000E+000   1.00000000000000     
 Chat
   1.00000000000000       0.000000000000000E+000  0.000000000000000E+000
  0.000000000000000E+000   1.00000000000000       0.000000000000000E+000
  0.000000000000000E+000  0.000000000000000E+000   1.00000000000000     
 I1hat, I2hat, I4ahat, I4shat
   3.00000000000000        3.00000000000000        1.00000000000000     
   1.00000000000000     
 S^hat
  3.063952448142485E-003  0.000000000000000E+000  0.000000000000000E+000
  0.000000000000000E+000  3.549961814062381E-003  0.000000000000000E+000
  0.000000000000000E+000  0.000000000000000E+000  2.620871371385936E-003
 S_iso
 -1.430952146046845E-005  0.000000000000000E+000  0.000000000000000E+000
  0.000000000000000E+000  4.716998444594279E-004  0.000000000000000E+000
  0.000000000000000E+000  0.000000000000000E+000 -4.573905982170178E-004
 S
 -1.430952146046845E-005  0.000000000000000E+000  0.000000000000000E+000
  0.000000000000000E+000  4.716998444594279E-004  0.000000000000000E+000
  0.000000000000000E+000  0.000000000000000E+000 -4.573905982170178E-004
 sigma
 -1.430952146046845E-005  0.000000000000000E+000  0.000000000000000E+000
  0.000000000000000E+000  4.716998444594279E-004  0.000000000000000E+000
  0.000000000000000E+000  0.000000000000000E+000 -4.573905982170178E-004
 Psi24a
  5.115989765905884E-005
 CChat
  4.913165611957747E-003  0.000000000000000E+000  0.000000000000000E+000
  0.000000000000000E+000  7.480457292745978E-003  0.000000000000000E+000
  0.000000000000000E+000  0.000000000000000E+000  6.001448660827543E-003
  0.000000000000000E+000 -8.949645729622181E-004  0.000000000000000E+000
 -8.949645729622181E-004  0.000000000000000E+000  0.000000000000000E+000
  0.000000000000000E+000  0.000000000000000E+000  0.000000000000000E+000
  0.000000000000000E+000  0.000000000000000E+000 -8.949645729622181E-004
  0.000000000000000E+000  0.000000000000000E+000  0.000000000000000E+000
 -8.949645729622181E-004  0.000000000000000E+000  0.000000000000000E+000
  0.000000000000000E+000 -8.949645729622181E-004  0.000000000000000E+000
 -8.949645729622181E-004  0.000000000000000E+000  0.000000000000000E+000
  0.000000000000000E+000  0.000000000000000E+000  0.000000000000000E+000
  7.480457292745978E-003  0.000000000000000E+000  0.000000000000000E+000
  0.000000000000000E+000  6.592019440194889E-003  0.000000000000000E+000
  0.000000000000000E+000  0.000000000000000E+000  6.668901999676602E-003
  0.000000000000000E+000  0.000000000000000E+000  0.000000000000000E+000
  0.000000000000000E+000  0.000000000000000E+000 -8.949645729622181E-004
  0.000000000000000E+000 -8.949645729622181E-004  0.000000000000000E+000
  0.000000000000000E+000  0.000000000000000E+000 -8.949645729622181E-004
  0.000000000000000E+000  0.000000000000000E+000  0.000000000000000E+000
 -8.949645729622181E-004  0.000000000000000E+000  0.000000000000000E+000
  0.000000000000000E+000  0.000000000000000E+000  0.000000000000000E+000
  0.000000000000000E+000  0.000000000000000E+000 -8.949645729622181E-004
  0.000000000000000E+000 -8.949645729622181E-004  0.000000000000000E+000
  6.001448660827543E-003  0.000000000000000E+000  0.000000000000000E+000
  0.000000000000000E+000  6.668901999676602E-003  0.000000000000000E+000
  0.000000000000000E+000  0.000000000000000E+000  3.611854108983654E-003
 dShat/dC
 -6.092625463123135E-004  0.000000000000000E+000  0.000000000000000E+000
  0.000000000000000E+000  2.833320879132020E-004  0.000000000000000E+000
  0.000000000000000E+000  0.000000000000000E+000  2.870234546245528E-004
  0.000000000000000E+000 -4.474822864811090E-004  0.000000000000000E+000
 -4.474822864811090E-004  0.000000000000000E+000  0.000000000000000E+000
  0.000000000000000E+000  0.000000000000000E+000  0.000000000000000E+000
  0.000000000000000E+000  0.000000000000000E+000 -4.474822864811090E-004
  0.000000000000000E+000  0.000000000000000E+000  0.000000000000000E+000
 -4.474822864811090E-004  0.000000000000000E+000  0.000000000000000E+000
  0.000000000000000E+000 -4.474822864811090E-004  0.000000000000000E+000
 -4.474822864811090E-004  0.000000000000000E+000  0.000000000000000E+000
  0.000000000000000E+000  0.000000000000000E+000  0.000000000000000E+000
  6.743832940818023E-004  0.000000000000000E+000  0.000000000000000E+000
  0.000000000000000E+000 -1.608868383623429E-004  0.000000000000000E+000
  0.000000000000000E+000  0.000000000000000E+000  6.207501240490815E-004
  0.000000000000000E+000  0.000000000000000E+000  0.000000000000000E+000
  0.000000000000000E+000  0.000000000000000E+000 -4.474822864811090E-004
  0.000000000000000E+000 -4.474822864811090E-004  0.000000000000000E+000
  0.000000000000000E+000  0.000000000000000E+000 -4.474822864811090E-004
  0.000000000000000E+000  0.000000000000000E+000  0.000000000000000E+000
 -4.474822864811090E-004  0.000000000000000E+000  0.000000000000000E+000
  0.000000000000000E+000  0.000000000000000E+000  0.000000000000000E+000
  0.000000000000000E+000  0.000000000000000E+000 -4.474822864811090E-004
  0.000000000000000E+000 -4.474822864811090E-004  0.000000000000000E+000
 -6.512102187741526E-005  0.000000000000000E+000  0.000000000000000E+000
  0.000000000000000E+000 -1.224455586214868E-004  0.000000000000000E+000
  0.000000000000000E+000  0.000000000000000E+000 -9.077738212973922E-004
 CCvol
  0.200000000000000       0.000000000000000E+000  0.000000000000000E+000
  0.000000000000000E+000  0.200000000000000       0.000000000000000E+000
  0.000000000000000E+000  0.000000000000000E+000  0.200000000000000     
  0.000000000000000E+000  0.000000000000000E+000  0.000000000000000E+000
  0.000000000000000E+000  0.000000000000000E+000  0.000000000000000E+000
  0.000000000000000E+000  0.000000000000000E+000  0.000000000000000E+000
  0.000000000000000E+000  0.000000000000000E+000  0.000000000000000E+000
  0.000000000000000E+000  0.000000000000000E+000  0.000000000000000E+000
  0.000000000000000E+000  0.000000000000000E+000  0.000000000000000E+000
  0.000000000000000E+000  0.000000000000000E+000  0.000000000000000E+000
  0.000000000000000E+000  0.000000000000000E+000  0.000000000000000E+000
  0.000000000000000E+000  0.000000000000000E+000  0.000000000000000E+000
  0.200000000000000       0.000000000000000E+000  0.000000000000000E+000
  0.000000000000000E+000  0.200000000000000       0.000000000000000E+000
  0.000000000000000E+000  0.000000000000000E+000  0.200000000000000     
  0.000000000000000E+000  0.000000000000000E+000  0.000000000000000E+000
  0.000000000000000E+000  0.000000000000000E+000  0.000000000000000E+000
  0.000000000000000E+000  0.000000000000000E+000  0.000000000000000E+000
  0.000000000000000E+000  0.000000000000000E+000  0.000000000000000E+000
  0.000000000000000E+000  0.000000000000000E+000  0.000000000000000E+000
  0.000000000000000E+000  0.000000000000000E+000  0.000000000000000E+000
  0.000000000000000E+000  0.000000000000000E+000  0.000000000000000E+000
  0.000000000000000E+000  0.000000000000000E+000  0.000000000000000E+000
  0.000000000000000E+000  0.000000000000000E+000  0.000000000000000E+000
  0.200000000000000       0.000000000000000E+000  0.000000000000000E+000
  0.000000000000000E+000  0.200000000000000       0.000000000000000E+000
  0.000000000000000E+000  0.000000000000000E+000  0.200000000000000     
 CCiso
  2.930841504825026E-003  0.000000000000000E+000  0.000000000000000E+000
  0.000000000000000E+000 -1.764499419532586E-003  0.000000000000000E+000
  0.000000000000000E+000  0.000000000000000E+000 -1.137723039199551E-003
  0.000000000000000E+000  2.183297396640736E-003  0.000000000000000E+000
  2.183297396640736E-003  0.000000000000000E+000  0.000000000000000E+000
  0.000000000000000E+000  0.000000000000000E+000  0.000000000000000E+000
  0.000000000000000E+000  0.000000000000000E+000  2.183297396640736E-003
  0.000000000000000E+000  0.000000000000000E+000  0.000000000000000E+000
  2.183297396640736E-003  0.000000000000000E+000  0.000000000000000E+000
  0.000000000000000E+000  2.183297396640736E-003  0.000000000000000E+000
  2.183297396640736E-003  0.000000000000000E+000  0.000000000000000E+000
  0.000000000000000E+000  0.000000000000000E+000  0.000000000000000E+000
 -1.764499419532586E-003  0.000000000000000E+000  0.000000000000000E+000
  0.000000000000000E+000  2.397478001182296E-003  0.000000000000000E+000
  0.000000000000000E+000  0.000000000000000E+000 -1.576378366290431E-003
  0.000000000000000E+000  0.000000000000000E+000  0.000000000000000E+000
  0.000000000000000E+000  0.000000000000000E+000  2.183297396640736E-003
  0.000000000000000E+000  2.183297396640736E-003  0.000000000000000E+000
  0.000000000000000E+000  0.000000000000000E+000  2.183297396640736E-003
  0.000000000000000E+000  0.000000000000000E+000  0.000000000000000E+000
  2.183297396640736E-003  0.000000000000000E+000  0.000000000000000E+000
  0.000000000000000E+000  0.000000000000000E+000  0.000000000000000E+000
  0.000000000000000E+000  0.000000000000000E+000  2.183297396640736E-003
  0.000000000000000E+000  2.183297396640736E-003  0.000000000000000E+000
 -1.137723039199552E-003  0.000000000000000E+000  0.000000000000000E+000
  0.000000000000000E+000 -1.576378366290431E-003  0.000000000000000E+000
  0.000000000000000E+000  0.000000000000000E+000  3.628882694473997E-003
 CC_ref
  0.202930841504825       0.000000000000000E+000  0.000000000000000E+000
  0.000000000000000E+000  0.198235500580467       0.000000000000000E+000
  0.000000000000000E+000  0.000000000000000E+000  0.198862276960800     
  0.000000000000000E+000  2.183297396640736E-003  0.000000000000000E+000
  2.183297396640736E-003  0.000000000000000E+000  0.000000000000000E+000
  0.000000000000000E+000  0.000000000000000E+000  0.000000000000000E+000
  0.000000000000000E+000  0.000000000000000E+000  2.183297396640736E-003
  0.000000000000000E+000  0.000000000000000E+000  0.000000000000000E+000
  2.183297396640736E-003  0.000000000000000E+000  0.000000000000000E+000
  0.000000000000000E+000  2.183297396640736E-003  0.000000000000000E+000
  2.183297396640736E-003  0.000000000000000E+000  0.000000000000000E+000
  0.000000000000000E+000  0.000000000000000E+000  0.000000000000000E+000
  0.198235500580467       0.000000000000000E+000  0.000000000000000E+000
  0.000000000000000E+000  0.202397478001182       0.000000000000000E+000
  0.000000000000000E+000  0.000000000000000E+000  0.198423621633710     
  0.000000000000000E+000  0.000000000000000E+000  0.000000000000000E+000
  0.000000000000000E+000  0.000000000000000E+000  2.183297396640736E-003
  0.000000000000000E+000  2.183297396640736E-003  0.000000000000000E+000
  0.000000000000000E+000  0.000000000000000E+000  2.183297396640736E-003
  0.000000000000000E+000  0.000000000000000E+000  0.000000000000000E+000
  2.183297396640736E-003  0.000000000000000E+000  0.000000000000000E+000
  0.000000000000000E+000  0.000000000000000E+000  0.000000000000000E+000
  0.000000000000000E+000  0.000000000000000E+000  2.183297396640736E-003
  0.000000000000000E+000  2.183297396640736E-003  0.000000000000000E+000
  0.198862276960800       0.000000000000000E+000  0.000000000000000E+000
  0.000000000000000E+000  0.198423621633710       0.000000000000000E+000
  0.000000000000000E+000  0.000000000000000E+000  0.203628882694474     
 DDSDDE
  0.202902222461904       0.198235500580467       0.198862276960800     
  0.000000000000000E+000  0.000000000000000E+000  0.000000000000000E+000
  0.198235500580467       0.203340877690101       0.198423621633710     
  0.000000000000000E+000  0.000000000000000E+000  0.000000000000000E+000
  0.198862276960800       0.198423621633710       0.202714101498040     
  0.000000000000000E+000  0.000000000000000E+000  0.000000000000000E+000
  0.000000000000000E+000  0.000000000000000E+000  0.000000000000000E+000
  2.411992558140216E-003  0.000000000000000E+000  0.000000000000000E+000
  0.000000000000000E+000  0.000000000000000E+000  0.000000000000000E+000
  0.000000000000000E+000  1.947447336801993E-003  0.000000000000000E+000
  0.000000000000000E+000  0.000000000000000E+000  0.000000000000000E+000
  0.000000000000000E+000  0.000000000000000E+000  2.190452019761941E-003

     COLLECTING MODEL CONSTRAINT INFORMATION FOR OVERCONSTRAINT CHECKS

     COLLECTING STEP CONSTRAINT INFORMATION FOR OVERCONSTRAINT CHECKS


  INCREMENT     1 STARTS. ATTEMPT NUMBER  1, TIME INCREMENT  0.100    
 ***************************************************
 deformation gradient
   1.00000000000000       0.000000000000000E+000  0.000000000000000E+000
  0.000000000000000E+000   1.00000000000000       0.000000000000000E+000
  0.000000000000000E+000  0.000000000000000E+000   1.00000000000000     
 J
   1.00000000000000     
 C
   1.00000000000000       0.000000000000000E+000  0.000000000000000E+000
  0.000000000000000E+000   1.00000000000000       0.000000000000000E+000
  0.000000000000000E+000  0.000000000000000E+000   1.00000000000000     
 Chat
   1.00000000000000       0.000000000000000E+000  0.000000000000000E+000
  0.000000000000000E+000   1.00000000000000       0.000000000000000E+000
  0.000000000000000E+000  0.000000000000000E+000   1.00000000000000     
 I1hat, I2hat, I4ahat, I4shat
   3.00000000000000        3.00000000000000        1.00000000000000     
   1.00000000000000     
 S^hat
  3.063952448142485E-003  0.000000000000000E+000  0.000000000000000E+000
  0.000000000000000E+000  3.549961814062381E-003  0.000000000000000E+000
  0.000000000000000E+000  0.000000000000000E+000  2.620871371385936E-003
 S_iso
 -1.430952146046845E-005  0.000000000000000E+000  0.000000000000000E+000
  0.000000000000000E+000  4.716998444594279E-004  0.000000000000000E+000
  0.000000000000000E+000  0.000000000000000E+000 -4.573905982170178E-004
 S
 -1.430952146046845E-005  0.000000000000000E+000  0.000000000000000E+000
  0.000000000000000E+000  4.716998444594279E-004  0.000000000000000E+000
  0.000000000000000E+000  0.000000000000000E+000 -4.573905982170178E-004
 sigma
 -1.430952146046845E-005  0.000000000000000E+000  0.000000000000000E+000
  0.000000000000000E+000  4.716998444594279E-004  0.000000000000000E+000
  0.000000000000000E+000  0.000000000000000E+000 -4.573905982170178E-004
 Psi24a
  5.115989765905884E-005
 CChat
  4.913165611957747E-003  0.000000000000000E+000  0.000000000000000E+000
  0.000000000000000E+000  7.480457292745978E-003  0.000000000000000E+000
  0.000000000000000E+000  0.000000000000000E+000  6.001448660827543E-003
  0.000000000000000E+000 -8.949645729622181E-004  0.000000000000000E+000
 -8.949645729622181E-004  0.000000000000000E+000  0.000000000000000E+000
  0.000000000000000E+000  0.000000000000000E+000  0.000000000000000E+000
  0.000000000000000E+000  0.000000000000000E+000 -8.949645729622181E-004
  0.000000000000000E+000  0.000000000000000E+000  0.000000000000000E+000
 -8.949645729622181E-004  0.000000000000000E+000  0.000000000000000E+000
  0.000000000000000E+000 -8.949645729622181E-004  0.000000000000000E+000
 -8.949645729622181E-004  0.000000000000000E+000  0.000000000000000E+000
  0.000000000000000E+000  0.000000000000000E+000  0.000000000000000E+000
  7.480457292745978E-003  0.000000000000000E+000  0.000000000000000E+000
  0.000000000000000E+000  6.592019440194889E-003  0.000000000000000E+000
  0.000000000000000E+000  0.000000000000000E+000  6.668901999676602E-003
  0.000000000000000E+000  0.000000000000000E+000  0.000000000000000E+000
  0.000000000000000E+000  0.000000000000000E+000 -8.949645729622181E-004
  0.000000000000000E+000 -8.949645729622181E-004  0.000000000000000E+000
  0.000000000000000E+000  0.000000000000000E+000 -8.949645729622181E-004
  0.000000000000000E+000  0.000000000000000E+000  0.000000000000000E+000
 -8.949645729622181E-004  0.000000000000000E+000  0.000000000000000E+000
  0.000000000000000E+000  0.000000000000000E+000  0.000000000000000E+000
  0.000000000000000E+000  0.000000000000000E+000 -8.949645729622181E-004
  0.000000000000000E+000 -8.949645729622181E-004  0.000000000000000E+000
  6.001448660827543E-003  0.000000000000000E+000  0.000000000000000E+000
  0.000000000000000E+000  6.668901999676602E-003  0.000000000000000E+000
  0.000000000000000E+000  0.000000000000000E+000  3.611854108983654E-003
 dShat/dC
 -6.092625463123135E-004  0.000000000000000E+000  0.000000000000000E+000
  0.000000000000000E+000  2.833320879132020E-004  0.000000000000000E+000
  0.000000000000000E+000  0.000000000000000E+000  2.870234546245528E-004
  0.000000000000000E+000 -4.474822864811090E-004  0.000000000000000E+000
 -4.474822864811090E-004  0.000000000000000E+000  0.000000000000000E+000
  0.000000000000000E+000  0.000000000000000E+000  0.000000000000000E+000
  0.000000000000000E+000  0.000000000000000E+000 -4.474822864811090E-004
  0.000000000000000E+000  0.000000000000000E+000  0.000000000000000E+000
 -4.474822864811090E-004  0.000000000000000E+000  0.000000000000000E+000
  0.000000000000000E+000 -4.474822864811090E-004  0.000000000000000E+000
 -4.474822864811090E-004  0.000000000000000E+000  0.000000000000000E+000
  0.000000000000000E+000  0.000000000000000E+000  0.000000000000000E+000
  6.743832940818023E-004  0.000000000000000E+000  0.000000000000000E+000
  0.000000000000000E+000 -1.608868383623429E-004  0.000000000000000E+000
  0.000000000000000E+000  0.000000000000000E+000  6.207501240490815E-004
  0.000000000000000E+000  0.000000000000000E+000  0.000000000000000E+000
  0.000000000000000E+000  0.000000000000000E+000 -4.474822864811090E-004
  0.000000000000000E+000 -4.474822864811090E-004  0.000000000000000E+000
  0.000000000000000E+000  0.000000000000000E+000 -4.474822864811090E-004
  0.000000000000000E+000  0.000000000000000E+000  0.000000000000000E+000
 -4.474822864811090E-004  0.000000000000000E+000  0.000000000000000E+000
  0.000000000000000E+000  0.000000000000000E+000  0.000000000000000E+000
  0.000000000000000E+000  0.000000000000000E+000 -4.474822864811090E-004
  0.000000000000000E+000 -4.474822864811090E-004  0.000000000000000E+000
 -6.512102187741526E-005  0.000000000000000E+000  0.000000000000000E+000
  0.000000000000000E+000 -1.224455586214868E-004  0.000000000000000E+000
  0.000000000000000E+000  0.000000000000000E+000 -9.077738212973922E-004
 CCvol
  0.200000000000000       0.000000000000000E+000  0.000000000000000E+000
  0.000000000000000E+000  0.200000000000000       0.000000000000000E+000
  0.000000000000000E+000  0.000000000000000E+000  0.200000000000000     
  0.000000000000000E+000  0.000000000000000E+000  0.000000000000000E+000
  0.000000000000000E+000  0.000000000000000E+000  0.000000000000000E+000
  0.000000000000000E+000  0.000000000000000E+000  0.000000000000000E+000
  0.000000000000000E+000  0.000000000000000E+000  0.000000000000000E+000
  0.000000000000000E+000  0.000000000000000E+000  0.000000000000000E+000
  0.000000000000000E+000  0.000000000000000E+000  0.000000000000000E+000
  0.000000000000000E+000  0.000000000000000E+000  0.000000000000000E+000
  0.000000000000000E+000  0.000000000000000E+000  0.000000000000000E+000
  0.000000000000000E+000  0.000000000000000E+000  0.000000000000000E+000
  0.200000000000000       0.000000000000000E+000  0.000000000000000E+000
  0.000000000000000E+000  0.200000000000000       0.000000000000000E+000
  0.000000000000000E+000  0.000000000000000E+000  0.200000000000000     
  0.000000000000000E+000  0.000000000000000E+000  0.000000000000000E+000
  0.000000000000000E+000  0.000000000000000E+000  0.000000000000000E+000
  0.000000000000000E+000  0.000000000000000E+000  0.000000000000000E+000
  0.000000000000000E+000  0.000000000000000E+000  0.000000000000000E+000
  0.000000000000000E+000  0.000000000000000E+000  0.000000000000000E+000
  0.000000000000000E+000  0.000000000000000E+000  0.000000000000000E+000
  0.000000000000000E+000  0.000000000000000E+000  0.000000000000000E+000
  0.000000000000000E+000  0.000000000000000E+000  0.000000000000000E+000
  0.000000000000000E+000  0.000000000000000E+000  0.000000000000000E+000
  0.200000000000000       0.000000000000000E+000  0.000000000000000E+000
  0.000000000000000E+000  0.200000000000000       0.000000000000000E+000
  0.000000000000000E+000  0.000000000000000E+000  0.200000000000000     
 CCiso
  2.930841504825026E-003  0.000000000000000E+000  0.000000000000000E+000
  0.000000000000000E+000 -1.764499419532586E-003  0.000000000000000E+000
  0.000000000000000E+000  0.000000000000000E+000 -1.137723039199551E-003
  0.000000000000000E+000  2.183297396640736E-003  0.000000000000000E+000
  2.183297396640736E-003  0.000000000000000E+000  0.000000000000000E+000
  0.000000000000000E+000  0.000000000000000E+000  0.000000000000000E+000
  0.000000000000000E+000  0.000000000000000E+000  2.183297396640736E-003
  0.000000000000000E+000  0.000000000000000E+000  0.000000000000000E+000
  2.183297396640736E-003  0.000000000000000E+000  0.000000000000000E+000
  0.000000000000000E+000  2.183297396640736E-003  0.000000000000000E+000
  2.183297396640736E-003  0.000000000000000E+000  0.000000000000000E+000
  0.000000000000000E+000  0.000000000000000E+000  0.000000000000000E+000
 -1.764499419532586E-003  0.000000000000000E+000  0.000000000000000E+000
  0.000000000000000E+000  2.397478001182296E-003  0.000000000000000E+000
  0.000000000000000E+000  0.000000000000000E+000 -1.576378366290431E-003
  0.000000000000000E+000  0.000000000000000E+000  0.000000000000000E+000
  0.000000000000000E+000  0.000000000000000E+000  2.183297396640736E-003
  0.000000000000000E+000  2.183297396640736E-003  0.000000000000000E+000
  0.000000000000000E+000  0.000000000000000E+000  2.183297396640736E-003
  0.000000000000000E+000  0.000000000000000E+000  0.000000000000000E+000
  2.183297396640736E-003  0.000000000000000E+000  0.000000000000000E+000
  0.000000000000000E+000  0.000000000000000E+000  0.000000000000000E+000
  0.000000000000000E+000  0.000000000000000E+000  2.183297396640736E-003
  0.000000000000000E+000  2.183297396640736E-003  0.000000000000000E+000
 -1.137723039199552E-003  0.000000000000000E+000  0.000000000000000E+000
  0.000000000000000E+000 -1.576378366290431E-003  0.000000000000000E+000
  0.000000000000000E+000  0.000000000000000E+000  3.628882694473997E-003
 CC_ref
  0.202930841504825       0.000000000000000E+000  0.000000000000000E+000
  0.000000000000000E+000  0.198235500580467       0.000000000000000E+000
  0.000000000000000E+000  0.000000000000000E+000  0.198862276960800     
  0.000000000000000E+000  2.183297396640736E-003  0.000000000000000E+000
  2.183297396640736E-003  0.000000000000000E+000  0.000000000000000E+000
  0.000000000000000E+000  0.000000000000000E+000  0.000000000000000E+000
  0.000000000000000E+000  0.000000000000000E+000  2.183297396640736E-003
  0.000000000000000E+000  0.000000000000000E+000  0.000000000000000E+000
  2.183297396640736E-003  0.000000000000000E+000  0.000000000000000E+000
  0.000000000000000E+000  2.183297396640736E-003  0.000000000000000E+000
  2.183297396640736E-003  0.000000000000000E+000  0.000000000000000E+000
  0.000000000000000E+000  0.000000000000000E+000  0.000000000000000E+000
  0.198235500580467       0.000000000000000E+000  0.000000000000000E+000
  0.000000000000000E+000  0.202397478001182       0.000000000000000E+000
  0.000000000000000E+000  0.000000000000000E+000  0.198423621633710     
  0.000000000000000E+000  0.000000000000000E+000  0.000000000000000E+000
  0.000000000000000E+000  0.000000000000000E+000  2.183297396640736E-003
  0.000000000000000E+000  2.183297396640736E-003  0.000000000000000E+000
  0.000000000000000E+000  0.000000000000000E+000  2.183297396640736E-003
  0.000000000000000E+000  0.000000000000000E+000  0.000000000000000E+000
  2.183297396640736E-003  0.000000000000000E+000  0.000000000000000E+000
  0.000000000000000E+000  0.000000000000000E+000  0.000000000000000E+000
  0.000000000000000E+000  0.000000000000000E+000  2.183297396640736E-003
  0.000000000000000E+000  2.183297396640736E-003  0.000000000000000E+000
  0.198862276960800       0.000000000000000E+000  0.000000000000000E+000
  0.000000000000000E+000  0.198423621633710       0.000000000000000E+000
  0.000000000000000E+000  0.000000000000000E+000  0.203628882694474     
 DDSDDE
  0.202902222461904       0.198235500580467       0.198862276960800     
  0.000000000000000E+000  0.000000000000000E+000  0.000000000000000E+000
  0.198235500580467       0.203340877690101       0.198423621633710     
  0.000000000000000E+000  0.000000000000000E+000  0.000000000000000E+000
  0.198862276960800       0.198423621633710       0.202714101498040     
  0.000000000000000E+000  0.000000000000000E+000  0.000000000000000E+000
  0.000000000000000E+000  0.000000000000000E+000  0.000000000000000E+000
  2.411992558140216E-003  0.000000000000000E+000  0.000000000000000E+000
  0.000000000000000E+000  0.000000000000000E+000  0.000000000000000E+000
  0.000000000000000E+000  1.947447336801993E-003  0.000000000000000E+000
  0.000000000000000E+000  0.000000000000000E+000  0.000000000000000E+000
  0.000000000000000E+000  0.000000000000000E+000  2.190452019761941E-003

  NUMBER OF EQUATIONS =      3678     NUMBER OF RHS =    1
  NUMBER OF FLOATING PT. OPERATIONS =  1.39E+08

     CHECK POINT   START OF SOLVER    

     CHECK POINT  END OF SOLVER       

       ELAPSED USER TIME (SEC)      =  9.00000E-02
       ELAPSED SYSTEM TIME (SEC)    =  2.00000E-02
       ELAPSED TOTAL CPU TIME (SEC) =  0.11000    
       ELAPSED WALLCLOCK TIME (SEC) =          0
 ***************************************************
 deformation gradient
   1.05336602822162       0.279483854371868      -7.268655891723690E-002
 -8.241447869655129E-002  0.898628780490725      -1.538435602781895E-003
  1.825420630740451E-002 -4.446533941258427E-003   1.04247989136415     
 J
   1.01195847738888     
 C
   1.19297455011317       0.164451446718579      -5.778864969180482E-002
  0.164451446718579       0.814328198209175      -7.103982449946532E-003
 -5.778864969180482E-002 -7.103982449946532E-003   1.08711731161062     
 Chat
   1.18355755912745       0.163153315261215      -5.733248305088791E-002
  0.163153315261215       0.807900130400668      -7.047905697355714E-003
 -5.733248305088791E-002 -7.047905697355714E-003   1.07853592659878     
 I1hat, I2hat, I4ahat, I4shat
   3.06999361612689        3.07409927994500        1.18355755912745     
  0.807900130400668     
 S^hat
  2.984352000168757E-003 -1.470996835407715E-004  5.169119671206033E-005
 -1.470996835407715E-004  3.812592086198883E-003  6.354420049916586E-006
  5.169119671206033E-005  6.354420049916586E-006  2.632650177057074E-003
 S_iso
  2.529244207672552E-004  3.996841022975482E-004 -8.909548435489999E-005
  3.996841022975482E-004 -1.744894560022064E-004  9.450595051795501E-006
 -8.909548435489999E-005  9.450595051795501E-006 -2.771194875422162E-004
 S
  2.345081634500634E-003 -2.187539546208683E-005  1.936400551951007E-005
 -2.187539546208683E-005  2.882761072204879E-003  7.019670610994785E-006
  1.936400551951007E-005  7.019670610994785E-006  1.954973540849949E-003
 sigma
  2.595767467784276E-003  4.512595647839873E-004 -1.200100962705334E-004
  4.512595647839871E-004  2.470506689789284E-003 -4.646902777106276E-005
 -1.200100962705334E-004 -4.646902777106276E-005  2.108811998992327E-003
 Psi24a
  5.209384846658711E-005
 CChat
  4.606080493984486E-003 -2.271618642644589E-004  7.982524726450479E-005
 -2.271618642644589E-004  7.657628906259898E-003  9.812950443624977E-006
  7.982524726450479E-005  9.812950443624977E-006  5.847010590205265E-003
 -2.271618642644589E-004 -8.762209670298036E-004 -3.937545531599757E-006
 -8.762209670298036E-004 -2.901788222039458E-004 -4.840440899991627E-007
 -3.937545531599757E-006 -4.840440899991627E-007 -2.008941306156113E-004
  7.982524726450479E-005 -3.937545531599757E-006 -8.860425327819443E-004
 -3.937545531599757E-006  1.019695638982166E-004  1.700943038842224E-007
 -8.860425327819443E-004  1.700943038842224E-007  7.059469996121136E-005
 -2.271618642644589E-004 -8.762209670298036E-004 -3.937545531599757E-006
 -8.762209670298036E-004 -2.901788222039458E-004 -4.840440899991627E-007
 -3.937545531599757E-006 -4.840440899991627E-007 -2.008941306156113E-004
  7.657628906259898E-003 -2.901788222039458E-004  1.019695638982166E-004
 -2.901788222039458E-004  7.514715540001283E-003  1.253516038573159E-005
  1.019695638982166E-004  1.253516038573159E-005  6.977008652642259E-003
  9.812950443624977E-006 -4.840440899991627E-007  1.700943038842224E-007
 -4.840440899991627E-007  1.253516038573159E-005 -8.874052863674101E-004
  1.700943038842224E-007 -8.874052863674101E-004  8.678235471122388E-006
  7.982524726450479E-005 -3.937545531599757E-006 -8.860425327819443E-004
 -3.937545531599757E-006  1.019695638982166E-004  1.700943038842224E-007
 -8.860425327819443E-004  1.700943038842224E-007  7.059469996121136E-005
  9.812950443624977E-006 -4.840440899991627E-007  1.700943038842224E-007
 -4.840440899991627E-007  1.253516038573159E-005 -8.874052863674101E-004
  1.700943038842224E-007 -8.874052863674101E-004  8.678235471122388E-006
  5.847010590205265E-003 -2.008941306156113E-004  7.059469996121136E-005
 -2.008941306156113E-004  6.977008652642259E-003  8.678235471122388E-006
  7.059469996121136E-005  8.678235471122388E-006  3.601996685174804E-003
 dShat/dC
 -2.929799398513099E-004  3.268139546625524E-005 -1.148432410734998E-005
  3.268139546625524E-005  5.581819317593598E-004 -1.411772681023239E-006
 -1.148432410734998E-005 -1.411772681023239E-006  5.509323640777922E-004
  4.122930256428847E-004 -4.712495552957403E-004  8.435785394750449E-006
 -4.712495552957403E-004  5.189110707968373E-004  1.037014564545553E-006
  8.435785394750449E-006  1.037014564545553E-006  3.815025862504793E-004
 -9.529999654636385E-005  5.644794859601401E-006 -4.492271020852201E-004
  5.644794859601401E-006 -1.197416514665478E-004 -2.438441522790585E-007
 -4.492271020852201E-004 -2.438441522790585E-007 -8.862419130385065E-005
  4.122930256428847E-004 -4.712495552957403E-004  8.435785394750449E-006
 -4.712495552957403E-004  5.189110707968373E-004  1.037014564545553E-006
  8.435785394750449E-006  1.037014564545553E-006  3.815025862504793E-004
  3.896055950451650E-005  6.880858816512852E-005 -2.417950998063819E-005
  6.880858816512852E-005 -1.036609451613843E-003 -2.972397096433974E-006
 -2.417950998063819E-005 -2.972397096433974E-006  1.525020585774293E-005
  7.983179061330677E-006 -4.149432177061188E-007  1.458120845299934E-007
 -4.149432177061188E-007  1.015306645503063E-005 -4.472255823137145E-004
  1.458120845299934E-007 -4.472255823137145E-004  7.157415111344628E-006
 -9.529999654636385E-005  5.644794859601401E-006 -4.492271020852201E-004
  5.644794859601401E-006 -1.197416514665478E-004 -2.438441522790585E-007
 -4.492271020852201E-004 -2.438441522790585E-007 -8.862419130385065E-005
  7.983179061330677E-006 -4.149432177061188E-007  1.458120845299934E-007
 -4.149432177061188E-007  1.015306645503063E-005 -4.472255823137145E-004
  1.458120845299934E-007 -4.472255823137145E-004  7.157415111344628E-006
  1.575590756409003E-004  5.576309457422133E-005 -1.959529090428239E-005
  5.576309457422133E-005 -5.632683997381510E-006 -2.408857161882433E-006
 -1.959529090428239E-005 -2.408857161882433E-006 -7.407533279957267E-004
 CCvol
  0.151232165323610      -3.047254539019922E-002  7.840024351865701E-003
 -3.047254539019922E-002  0.226132860237014      -1.421404834984635E-004
  7.840024351865701E-003 -1.421404834984635E-004  0.165196683891323     
 -3.047254539019922E-002  3.570741307751657E-003 -1.596516538419295E-003
  3.570741307751657E-003 -4.452925663447459E-002 -1.011728337798284E-004
 -1.596516538419295E-003 -1.011728337798284E-004 -3.328806872548020E-002
  7.840024351865701E-003 -1.596516538419295E-003 -1.518175086286658E-003
 -1.596516538419295E-003  1.172971624148831E-002  3.795603811191339E-004
 -1.518175086286658E-003  3.795603811191339E-004  8.364411423459289E-003
 -3.047254539019922E-002  3.570741307751657E-003 -1.596516538419295E-003
  3.570741307751657E-003 -4.452925663447459E-002 -1.011728337798284E-004
 -1.596516538419295E-003 -1.011728337798284E-004 -3.328806872548020E-002
  0.226132860237014      -4.452925663447459E-002  1.172971624148831E-002
 -4.452925663447459E-002  0.322936843055162      -2.567781270703387E-004
  1.172971624148831E-002 -2.567781270703387E-004  0.241414628929124     
 -1.421404834984635E-004 -1.011728337798284E-004  3.795603811191339E-004
 -1.011728337798284E-004 -2.567781270703387E-004 -2.819310560351682E-003
  3.795603811191339E-004 -2.819310560351682E-003 -1.874732417213528E-004
  7.840024351865701E-003 -1.596516538419295E-003 -1.518175086286658E-003
 -1.596516538419295E-003  1.172971624148831E-002  3.795603811191339E-004
 -1.518175086286658E-003  3.795603811191339E-004  8.364411423459289E-003
 -1.421404834984635E-004 -1.011728337798284E-004  3.795603811191339E-004
 -1.011728337798284E-004 -2.567781270703387E-004 -2.819310560351682E-003
  3.795603811191339E-004 -2.819310560351682E-003 -1.874732417213528E-004
  0.165196683891323      -3.328806872548021E-002  8.364411423459289E-003
 -3.328806872548021E-002  0.241414628929124      -1.874732417213528E-004
  8.364411423459289E-003 -1.874732417213528E-004  0.172139334663350     
 CCiso
  1.824614572888699E-003 -6.796396926443941E-004  1.608395992429414E-004
 -6.796396926443941E-004 -1.683918253497775E-003 -5.447731602842144E-005
  1.608395992429414E-004 -5.447731602842144E-005 -9.842127087738447E-004
 -6.796396926443944E-004  2.729455490282614E-003 -5.114032738145533E-005
  2.729455490282614E-003 -1.222148141434945E-003  1.809028380132936E-004
