1

   Abaqus 2020                                  Date 30-May-2021   Time 21:19:38
   For use by PURDUE UNIVERSITY under license from Dassault Systemes or its subsidiary.

                                                                                 
                                                                                 
 STEP    1     INCREMENT     1     STEP TIME    0.00    


                        S T E P       1     S T A T I C   A N A L Y S I S


                                                                                          

          FIXED TIME INCREMENTS
          TIME INCREMENT IS                                    0.100    
          TIME PERIOD IS                                        1.00    

     LINEAR EQUATION SOLVER TYPE         DIRECT SPARSE

 CONVERGENCE TOLERANCE PARAMETERS FOR FORCE    
     CRITERION FOR RESIDUAL FORCE     FOR A NONLINEAR PROBLEM          5.000E-03
     CRITERION FOR DISP.    CORRECTION IN A NONLINEAR PROBLEM          1.000E-02
     INITIAL VALUE OF TIME AVERAGE FORCE                               1.000E-02
     AVERAGE FORCE     IS TIME AVERAGE FORCE    
     ALTERNATE CRIT. FOR RESIDUAL FORCE     FOR A NONLINEAR PROBLEM    2.000E-02
     CRITERION FOR ZERO FORCE     RELATIVE TO TIME AVRG. FORCE         1.000E-05
     CRITERION FOR RESIDUAL FORCE     WHEN THERE IS ZERO FLUX          1.000E-05
     CRITERION FOR DISP.    CORRECTION WHEN THERE IS ZERO FLUX         1.000E-03
     CRITERION FOR RESIDUAL FORCE     FOR A LINEAR INCREMENT           1.000E-08
     FIELD CONVERSION RATIO                                             1.00    
     CRITERION FOR ZERO FORCE     REL. TO TIME AVRG. MAX. FORCE        1.000E-05
     CRITERION FOR ZERO DISP.    RELATIVE TO CHARACTERISTIC LENGTH     1.000E-08

     VOLUMETRIC STRAIN COMPATIBILITY TOLERANCE FOR HYBRID SOLIDS       1.000E-05
     AXIAL STRAIN COMPATIBILITY TOLERANCE FOR HYBRID BEAMS             1.000E-05
     TRANS. SHEAR STRAIN COMPATIBILITY TOLERANCE FOR HYBRID BEAMS      1.000E-05
     SOFT CONTACT CONSTRAINT COMPATIBILITY TOLERANCE FOR P>P0          5.000E-03
     SOFT CONTACT CONSTRAINT COMPATIBILITY TOLERANCE FOR P=0.0         0.100    
     CONTACT FORCE ERROR TOLERANCE FOR CONVERT SDI=YES                 1.00    
     DISPLACEMENT COMPATIBILITY TOLERANCE FOR DCOUP ELEMENTS           1.000E-05
     ROTATION COMPATIBILITY TOLERANCE FOR DCOUP ELEMENTS               1.000E-05

 EQUILIBRIUM WILL BE CHECKED FOR SEVERE DISCONTINUITY ITERATIONS

 ITERATION CONTROL PARAMETERS:
     FIRST EQUILIBRIUM ITERATION FOR CONSECUTIVE DIVERGENCE CHECK              4
     EQUILIBRIUM ITERATION AFTER WHICH ALTERNATE RESIDUAL IS USED              9
     MAXIMUM EQUILIBRIUM ITERATIONS ALLOWED                                   16
     MAXIMUM ITERATIONS FOR SEVERE DISCONTINUITIES                            12
     GLOBAL STABILIZATION CONTROL IS NOT USED

          PRINT OF INCREMENT NUMBER, TIME, ETC., EVERY    1  INCREMENTS

     THE MAXIMUM NUMBER OF INCREMENTS IN THIS STEP IS                     100

          LARGE DISPLACEMENT THEORY WILL BE USED

     LINEAR EXTRAPOLATION WILL BE USED

     CHARACTERISTIC ELEMENT LENGTH      3.07    

     DETAILS REGARDING ACTUAL SOLUTION WAVEFRONT REQUESTED

     DETAILED OUTPUT OF DIAGNOSTICS TO DATABASE REQUESTED

     PRINT OF INCREMENT NUMBER, TIME, ETC., TO THE MESSAGE FILE EVERY     1  INCREMENTS

     COLLECTING MODEL CONSTRAINT INFORMATION FOR OVERCONSTRAINT CHECKS

     COLLECTING STEP CONSTRAINT INFORMATION FOR OVERCONSTRAINT CHECKS


  INCREMENT     1 STARTS. ATTEMPT NUMBER  1, TIME INCREMENT  0.100    
 ***************************************************
 deformation gradient
   1.00000000000000       0.000000000000000E+000  0.000000000000000E+000
  0.000000000000000E+000   1.00000000000000       0.000000000000000E+000
  0.000000000000000E+000  0.000000000000000E+000   1.00000000000000     
 J
   1.00000000000000     
 C
   1.00000000000000       0.000000000000000E+000  0.000000000000000E+000
  0.000000000000000E+000   1.00000000000000       0.000000000000000E+000
  0.000000000000000E+000  0.000000000000000E+000   1.00000000000000     
 Chat
   1.00000000000000       0.000000000000000E+000  0.000000000000000E+000
  0.000000000000000E+000   1.00000000000000       0.000000000000000E+000
  0.000000000000000E+000  0.000000000000000E+000   1.00000000000000     
 I1hat, I2hat, I4ahat, I4shat
   3.00000000000000        3.00000000000000        1.00000000000000     
   1.00000000000000     
 S^hat
  3.063952448142485E-003  0.000000000000000E+000  0.000000000000000E+000
  0.000000000000000E+000  3.549961814062381E-003  0.000000000000000E+000
  0.000000000000000E+000  0.000000000000000E+000  2.620871371385936E-003
 S_iso
 -1.430952146046845E-005  0.000000000000000E+000  0.000000000000000E+000
  0.000000000000000E+000  4.716998444594279E-004  0.000000000000000E+000
  0.000000000000000E+000  0.000000000000000E+000 -4.573905982170178E-004
 S
 -1.430952146046845E-005  0.000000000000000E+000  0.000000000000000E+000
  0.000000000000000E+000  4.716998444594279E-004  0.000000000000000E+000
  0.000000000000000E+000  0.000000000000000E+000 -4.573905982170178E-004
 sigma
 -1.430952146046845E-005  0.000000000000000E+000  0.000000000000000E+000
  0.000000000000000E+000  4.716998444594279E-004  0.000000000000000E+000
  0.000000000000000E+000  0.000000000000000E+000 -4.573905982170178E-004
 Psi24a
  5.115989765905884E-005
 CChat
  4.913165611957747E-003  0.000000000000000E+000  0.000000000000000E+000
  0.000000000000000E+000  7.480457292745978E-003  0.000000000000000E+000
  0.000000000000000E+000  0.000000000000000E+000  6.001448660827543E-003
  0.000000000000000E+000 -8.949645729622181E-004  0.000000000000000E+000
 -8.949645729622181E-004  0.000000000000000E+000  0.000000000000000E+000
  0.000000000000000E+000  0.000000000000000E+000  0.000000000000000E+000
  0.000000000000000E+000  0.000000000000000E+000 -8.949645729622181E-004
  0.000000000000000E+000  0.000000000000000E+000  0.000000000000000E+000
 -8.949645729622181E-004  0.000000000000000E+000  0.000000000000000E+000
  0.000000000000000E+000 -8.949645729622181E-004  0.000000000000000E+000
 -8.949645729622181E-004  0.000000000000000E+000  0.000000000000000E+000
  0.000000000000000E+000  0.000000000000000E+000  0.000000000000000E+000
  7.480457292745978E-003  0.000000000000000E+000  0.000000000000000E+000
  0.000000000000000E+000  6.592019440194889E-003  0.000000000000000E+000
  0.000000000000000E+000  0.000000000000000E+000  6.668901999676602E-003
  0.000000000000000E+000  0.000000000000000E+000  0.000000000000000E+000
  0.000000000000000E+000  0.000000000000000E+000 -8.949645729622181E-004
  0.000000000000000E+000 -8.949645729622181E-004  0.000000000000000E+000
  0.000000000000000E+000  0.000000000000000E+000 -8.949645729622181E-004
  0.000000000000000E+000  0.000000000000000E+000  0.000000000000000E+000
 -8.949645729622181E-004  0.000000000000000E+000  0.000000000000000E+000
  0.000000000000000E+000  0.000000000000000E+000  0.000000000000000E+000
  0.000000000000000E+000  0.000000000000000E+000 -8.949645729622181E-004
  0.000000000000000E+000 -8.949645729622181E-004  0.000000000000000E+000
  6.001448660827543E-003  0.000000000000000E+000  0.000000000000000E+000
  0.000000000000000E+000  6.668901999676602E-003  0.000000000000000E+000
  0.000000000000000E+000  0.000000000000000E+000  3.611854108983654E-003
 dShat/dC
 -6.092625463123135E-004  0.000000000000000E+000  0.000000000000000E+000
  0.000000000000000E+000  2.833320879132020E-004  0.000000000000000E+000
  0.000000000000000E+000  0.000000000000000E+000  2.870234546245528E-004
  0.000000000000000E+000 -4.474822864811090E-004  0.000000000000000E+000
 -4.474822864811090E-004  0.000000000000000E+000  0.000000000000000E+000
  0.000000000000000E+000  0.000000000000000E+000  0.000000000000000E+000
  0.000000000000000E+000  0.000000000000000E+000 -4.474822864811090E-004
  0.000000000000000E+000  0.000000000000000E+000  0.000000000000000E+000
 -4.474822864811090E-004  0.000000000000000E+000  0.000000000000000E+000
  0.000000000000000E+000 -4.474822864811090E-004  0.000000000000000E+000
 -4.474822864811090E-004  0.000000000000000E+000  0.000000000000000E+000
  0.000000000000000E+000  0.000000000000000E+000  0.000000000000000E+000
  6.743832940818023E-004  0.000000000000000E+000  0.000000000000000E+000
  0.000000000000000E+000 -1.608868383623429E-004  0.000000000000000E+000
  0.000000000000000E+000  0.000000000000000E+000  6.207501240490815E-004
  0.000000000000000E+000  0.000000000000000E+000  0.000000000000000E+000
  0.000000000000000E+000  0.000000000000000E+000 -4.474822864811090E-004
  0.000000000000000E+000 -4.474822864811090E-004  0.000000000000000E+000
  0.000000000000000E+000  0.000000000000000E+000 -4.474822864811090E-004
  0.000000000000000E+000  0.000000000000000E+000  0.000000000000000E+000
 -4.474822864811090E-004  0.000000000000000E+000  0.000000000000000E+000
  0.000000000000000E+000  0.000000000000000E+000  0.000000000000000E+000
  0.000000000000000E+000  0.000000000000000E+000 -4.474822864811090E-004
  0.000000000000000E+000 -4.474822864811090E-004  0.000000000000000E+000
 -6.512102187741526E-005  0.000000000000000E+000  0.000000000000000E+000
  0.000000000000000E+000 -1.224455586214868E-004  0.000000000000000E+000
  0.000000000000000E+000  0.000000000000000E+000 -9.077738212973922E-004
 CCvol
   20.0000000000000       0.000000000000000E+000  0.000000000000000E+000
  0.000000000000000E+000   20.0000000000000       0.000000000000000E+000
  0.000000000000000E+000  0.000000000000000E+000   20.0000000000000     
  0.000000000000000E+000  0.000000000000000E+000  0.000000000000000E+000
  0.000000000000000E+000  0.000000000000000E+000  0.000000000000000E+000
  0.000000000000000E+000  0.000000000000000E+000  0.000000000000000E+000
  0.000000000000000E+000  0.000000000000000E+000  0.000000000000000E+000
  0.000000000000000E+000  0.000000000000000E+000  0.000000000000000E+000
  0.000000000000000E+000  0.000000000000000E+000  0.000000000000000E+000
  0.000000000000000E+000  0.000000000000000E+000  0.000000000000000E+000
  0.000000000000000E+000  0.000000000000000E+000  0.000000000000000E+000
  0.000000000000000E+000  0.000000000000000E+000  0.000000000000000E+000
   20.0000000000000       0.000000000000000E+000  0.000000000000000E+000
  0.000000000000000E+000   20.0000000000000       0.000000000000000E+000
  0.000000000000000E+000  0.000000000000000E+000   20.0000000000000     
  0.000000000000000E+000  0.000000000000000E+000  0.000000000000000E+000
  0.000000000000000E+000  0.000000000000000E+000  0.000000000000000E+000
  0.000000000000000E+000  0.000000000000000E+000  0.000000000000000E+000
  0.000000000000000E+000  0.000000000000000E+000  0.000000000000000E+000
  0.000000000000000E+000  0.000000000000000E+000  0.000000000000000E+000
  0.000000000000000E+000  0.000000000000000E+000  0.000000000000000E+000
  0.000000000000000E+000  0.000000000000000E+000  0.000000000000000E+000
  0.000000000000000E+000  0.000000000000000E+000  0.000000000000000E+000
  0.000000000000000E+000  0.000000000000000E+000  0.000000000000000E+000
   20.0000000000000       0.000000000000000E+000  0.000000000000000E+000
  0.000000000000000E+000   20.0000000000000       0.000000000000000E+000
  0.000000000000000E+000  0.000000000000000E+000   20.0000000000000     
 CCiso
  2.930841504825026E-003  0.000000000000000E+000  0.000000000000000E+000
  0.000000000000000E+000 -1.764499419532586E-003  0.000000000000000E+000
  0.000000000000000E+000  0.000000000000000E+000 -1.137723039199551E-003
  0.000000000000000E+000  2.183297396640736E-003  0.000000000000000E+000
  2.183297396640736E-003  0.000000000000000E+000  0.000000000000000E+000
  0.000000000000000E+000  0.000000000000000E+000  0.000000000000000E+000
  0.000000000000000E+000  0.000000000000000E+000  2.183297396640736E-003
  0.000000000000000E+000  0.000000000000000E+000  0.000000000000000E+000
  2.183297396640736E-003  0.000000000000000E+000  0.000000000000000E+000
  0.000000000000000E+000  2.183297396640736E-003  0.000000000000000E+000
  2.183297396640736E-003  0.000000000000000E+000  0.000000000000000E+000
  0.000000000000000E+000  0.000000000000000E+000  0.000000000000000E+000
 -1.764499419532586E-003  0.000000000000000E+000  0.000000000000000E+000
  0.000000000000000E+000  2.397478001182296E-003  0.000000000000000E+000
  0.000000000000000E+000  0.000000000000000E+000 -1.576378366290431E-003
  0.000000000000000E+000  0.000000000000000E+000  0.000000000000000E+000
  0.000000000000000E+000  0.000000000000000E+000  2.183297396640736E-003
  0.000000000000000E+000  2.183297396640736E-003  0.000000000000000E+000
  0.000000000000000E+000  0.000000000000000E+000  2.183297396640736E-003
  0.000000000000000E+000  0.000000000000000E+000  0.000000000000000E+000
  2.183297396640736E-003  0.000000000000000E+000  0.000000000000000E+000
  0.000000000000000E+000  0.000000000000000E+000  0.000000000000000E+000
  0.000000000000000E+000  0.000000000000000E+000  2.183297396640736E-003
  0.000000000000000E+000  2.183297396640736E-003  0.000000000000000E+000
 -1.137723039199552E-003  0.000000000000000E+000  0.000000000000000E+000
  0.000000000000000E+000 -1.576378366290431E-003  0.000000000000000E+000
  0.000000000000000E+000  0.000000000000000E+000  3.628882694473997E-003
 CC_ref
   20.0029308415048       0.000000000000000E+000  0.000000000000000E+000
  0.000000000000000E+000   19.9982355005805       0.000000000000000E+000
  0.000000000000000E+000  0.000000000000000E+000   19.9988622769608     
  0.000000000000000E+000  2.183297396640736E-003  0.000000000000000E+000
  2.183297396640736E-003  0.000000000000000E+000  0.000000000000000E+000
  0.000000000000000E+000  0.000000000000000E+000  0.000000000000000E+000
  0.000000000000000E+000  0.000000000000000E+000  2.183297396640736E-003
  0.000000000000000E+000  0.000000000000000E+000  0.000000000000000E+000
  2.183297396640736E-003  0.000000000000000E+000  0.000000000000000E+000
  0.000000000000000E+000  2.183297396640736E-003  0.000000000000000E+000
  2.183297396640736E-003  0.000000000000000E+000  0.000000000000000E+000
  0.000000000000000E+000  0.000000000000000E+000  0.000000000000000E+000
   19.9982355005805       0.000000000000000E+000  0.000000000000000E+000
  0.000000000000000E+000   20.0023974780012       0.000000000000000E+000
  0.000000000000000E+000  0.000000000000000E+000   19.9984236216337     
  0.000000000000000E+000  0.000000000000000E+000  0.000000000000000E+000
  0.000000000000000E+000  0.000000000000000E+000  2.183297396640736E-003
  0.000000000000000E+000  2.183297396640736E-003  0.000000000000000E+000
  0.000000000000000E+000  0.000000000000000E+000  2.183297396640736E-003
  0.000000000000000E+000  0.000000000000000E+000  0.000000000000000E+000
  2.183297396640736E-003  0.000000000000000E+000  0.000000000000000E+000
  0.000000000000000E+000  0.000000000000000E+000  0.000000000000000E+000
  0.000000000000000E+000  0.000000000000000E+000  2.183297396640736E-003
  0.000000000000000E+000  2.183297396640736E-003  0.000000000000000E+000
   19.9988622769608       0.000000000000000E+000  0.000000000000000E+000
  0.000000000000000E+000   19.9984236216337       0.000000000000000E+000
  0.000000000000000E+000  0.000000000000000E+000   20.0036288826945     
 DDSDDE
   20.0029022224619        19.9982355005805        19.9988622769608     
  0.000000000000000E+000  0.000000000000000E+000  0.000000000000000E+000
   19.9982355005805        20.0033408776901        19.9984236216337     
  0.000000000000000E+000  0.000000000000000E+000  0.000000000000000E+000
   19.9988622769608        19.9984236216337        20.0027141014980     
  0.000000000000000E+000  0.000000000000000E+000  0.000000000000000E+000
  0.000000000000000E+000  0.000000000000000E+000  0.000000000000000E+000
  2.411992558140216E-003  0.000000000000000E+000  0.000000000000000E+000
  0.000000000000000E+000  0.000000000000000E+000  0.000000000000000E+000
  0.000000000000000E+000  1.947447336801993E-003  0.000000000000000E+000
  0.000000000000000E+000  0.000000000000000E+000  0.000000000000000E+000
  0.000000000000000E+000  0.000000000000000E+000  2.190452019761941E-003

  NUMBER OF EQUATIONS =      3888     NUMBER OF RHS =    1
  NUMBER OF FLOATING PT. OPERATIONS =  1.46E+08

     CHECK POINT   START OF SOLVER    

     CHECK POINT  END OF SOLVER       

       ELAPSED USER TIME (SEC)      =  8.00000E-02
       ELAPSED SYSTEM TIME (SEC)    =  2.00000E-02
       ELAPSED TOTAL CPU TIME (SEC) =  0.10000    
       ELAPSED WALLCLOCK TIME (SEC) =          0
 ***************************************************
 deformation gradient
   1.01999999999975       5.170863737191037E-013 -6.678754771448933E-013
 -1.182505482422014E-012  0.891140442011085       4.028253425269532E-013
 -3.095371181593598E-013 -1.442346242441596E-012   1.08886292589953     
 J
  0.989736384856864     
 C
   1.04039999999949      -7.453590124364766E-013 -1.042952706703752E-012
 -7.453590124364766E-013  0.794131287387712      -8.467114869316853E-013
 -1.042952706703752E-012 -8.467114869316853E-013   1.18562247139850     
 Chat
   1.04758029200244      -7.505030871734279E-013 -1.050150616141852E-012
 -7.505030871734279E-013  0.799611962639656      -8.525550429855311E-013
 -1.050150616141852E-012 -8.525550429855311E-013   1.19380501229613     
 I1hat, I2hat, I4ahat, I4shat
   3.04099726693822        3.04284510557701        1.04758029200244     
  0.799611962639656     
 S^hat
  2.987296185469163E-003  6.561184275590099E-016  9.180817277622957E-016
  6.561184275590099E-016  3.678837567446653E-003  7.453361402121838E-016
  9.180817277622957E-016  7.453361402121838E-016  2.426560698207680E-003
 S_iso
  1.346860507429704E-004 -2.036118498065762E-015 -1.603064403841226E-015
 -2.036118498065762E-015 -6.001868494176239E-005 -1.937753429794653E-015
 -1.603064403841226E-015 -1.937753429794653E-015 -7.798850068052371E-005
 S
 -0.195141618204050      -1.853193559216054E-013 -1.733811430004509E-013
 -1.853193559216054E-013 -0.255893619719474      -1.846411467652110E-013
 -1.733811430004509E-013 -1.846411467652110E-013 -0.171435627080982     
 sigma
 -0.205130722367811      -1.734273196471785E-015 -1.865036829353067E-015
 -1.734273196471802E-015 -0.205320459842968      -1.797774392530767E-015
 -1.865036829353105E-015 -1.797774392530767E-015 -0.205365726647404     
 Psi24a
  4.812703781538207E-005
 CChat
  4.667459129272063E-003  1.025693691620691E-015  1.435214432341666E-015
  1.025693691620691E-015  7.518793072648198E-003  1.165165532687001E-015
  1.435214432341666E-015  1.165165532687001E-015  5.572254952881544E-003
  1.025693691620691E-015 -8.863468473974518E-004  3.154508089796632E-028
 -8.863468473974518E-004  1.262949163671622E-015  2.560958150912988E-028
  3.154508089796632E-028  2.560958150912988E-028  8.352295174477214E-016
  1.435214432341666E-015  3.154508089796632E-028 -8.863468473974518E-004
  3.154508089796632E-028  1.767197050955115E-015  3.583451988483695E-028
 -8.863468473974518E-004  3.583451988483695E-028  1.168705109090245E-015
  1.025693691620691E-015 -8.863468473974518E-004  3.154508089796632E-028
 -8.863468473974518E-004  1.262949163671622E-015  2.560958150912988E-028
  3.154508089796632E-028  2.560958150912988E-028  8.352295174477214E-016
  7.518793072648198E-003  1.262949163671622E-015  1.767197050955115E-015
  1.262949163671622E-015  7.075236163484286E-003  1.434682544182242E-015
  1.767197050955115E-015  1.434682544182242E-015  6.451434220833109E-003
  1.165165532687001E-015  2.560958150912988E-028  3.583451988483695E-028
  2.560958150912988E-028  1.434682544182242E-015 -8.863468473974518E-004
  3.583451988483695E-028 -8.863468473974518E-004  9.488024091043848E-016
  1.435214432341666E-015  3.154508089796632E-028 -8.863468473974518E-004
  3.154508089796632E-028  1.767197050955115E-015  3.583451988483695E-028
 -8.863468473974518E-004  3.583451988483695E-028  1.168705109090245E-015
  1.165165532687001E-015  2.560958150912988E-028  3.583451988483695E-028
  2.560958150912988E-028  1.434682544182242E-015 -8.863468473974518E-004
  3.583451988483695E-028 -8.863468473974518E-004  9.488024091043848E-016
  5.572254952881544E-003  8.352295174477214E-016  1.168705109090245E-015
  8.352295174477214E-016  6.451434220833109E-003  9.488024091043848E-016
  1.168705109090245E-015  9.488024091043848E-016  3.094652090715303E-003
 dShat/dC
 -4.558840813336805E-004 -1.877730769482012E-016 -2.627437725735001E-016
 -1.877730769482012E-016  3.782482079772757E-004 -2.133060961708022E-016
 -2.627437725735001E-016 -2.133060961708022E-016  4.458485377105564E-004
 -2.093941969807164E-015 -4.401358383084742E-004 -7.588810176009321E-028
 -4.401358383084742E-004 -2.522160764811309E-015 -6.160905194329500E-028
 -7.588810176009321E-028 -6.160905194329500E-028 -1.763872528578402E-015
 -1.727170896996064E-015 -4.565755956184380E-028 -4.401358383084742E-004
 -4.565755956184380E-028 -2.074074837573023E-015 -5.186598605671982E-028
 -4.401358383084742E-004 -5.186598605671982E-028 -1.461519710786870E-015
 -2.093941969807164E-015 -4.401358383084742E-004 -7.588810176009321E-028
 -4.401358383084742E-004 -2.522160764811309E-015 -6.160905194329500E-028
 -7.588810176009321E-028 -6.160905194329500E-028 -1.763872528578402E-015
  9.988218890494152E-005 -2.861381785475277E-016 -4.003823430428554E-016
 -2.861381785475277E-016 -8.825500613546099E-004 -3.250466937186853E-016
 -4.003823430428554E-016 -3.250466937186853E-016  1.626013648552500E-004
 -2.016448183215294E-015 -5.250512824121711E-028 -7.346844232284900E-028
 -5.250512824121711E-028 -2.426919312611476E-015 -4.401358383084742E-004
 -7.346844232284900E-028 -4.401358383084742E-004 -1.700582899128593E-015
 -1.727170896996064E-015 -4.565755956184380E-028 -4.401358383084742E-004
 -4.565755956184380E-028 -2.074074837573023E-015 -5.186598605671982E-028
 -4.401358383084742E-004 -5.186598605671982E-028 -1.461519710786870E-015
 -2.016448183215294E-015 -5.250512824121711E-028 -7.346844232284900E-028
 -5.250512824121711E-028 -2.426919312611476E-015 -4.401358383084742E-004
 -7.346844232284900E-028 -4.401358383084742E-004 -1.700582899128593E-015
  3.331431197420450E-004 -1.969666640764755E-016 -2.756080117116398E-016
 -1.969666640764755E-016  2.592147805292359E-004 -2.237498094656494E-016
 -2.756080117116398E-016 -2.237498094656494E-016 -5.001489766400537E-004
 CCvol
   18.2872686424585       1.716413987459774E-011  1.608670279873165E-011
  1.716413987459774E-011   23.4665501574637       1.675862094074863E-011
  1.608670279873165E-011  1.675862094074863E-011   15.7179221351241     
  1.716413987459774E-011  0.245899270506207       1.756087979152761E-013
  0.245899270506207       2.248692553628641E-011  2.163094205421552E-013
  1.756087979152761E-013  2.163094205421552E-013  1.475259205406642E-011
  1.608670279873165E-011  1.756087979152761E-013  0.164703612630129     
  1.756087979152761E-013  2.064274471356500E-011  1.545881946932149E-013
  0.164703612630129       1.545881946932149E-013  1.411630261363943E-011
  1.716413987459774E-011  0.245899270506207       1.756087979152761E-013
  0.245899270506207       2.248692553628641E-011  2.163094205421552E-013
  1.756087979152761E-013  2.163094205421552E-013  1.475259205406642E-011
   23.4665501574637       2.248692553628641E-011  2.064274471356500E-011
  2.248692553628641E-011   31.3880920973119       2.241578476522859E-011
  2.064274471356500E-011  2.241578476522859E-011   20.5922200133531     
  1.675862094074863E-011  2.163094205421552E-013  1.545881946932149E-013
  2.163094205421552E-013  2.241578476522859E-011  0.215779986636695     
  1.545881946932149E-013  0.215779986636695       1.501411827360160E-011
  1.608670279873165E-011  1.756087979152761E-013  0.164703612630129     
  1.756087979152761E-013  2.064274471356500E-011  1.545881946932149E-013
  0.164703612630129       1.545881946932149E-013  1.411630261363943E-011
  1.675862094074863E-011  2.163094205421552E-013  1.545881946932149E-013
  2.163094205421552E-013  2.241578476522859E-011  0.215779986636695     
  1.545881946932149E-013  0.215779986636695       1.501411827360160E-011
   15.7179221351241       1.475259205406642E-011  1.411630261363943E-011
  1.475259205406642E-011   20.5922200133531       1.501411827360160E-011
  1.411630261363943E-011  1.501411827360160E-011   14.0817518808010     
 CCiso
  2.439696119930135E-003  4.159105225511000E-015  3.527722083054647E-015
  4.159105225511000E-015 -2.075191598940636E-003 -1.241326224991746E-015
  3.527722083054647E-015 -1.241326224991746E-015 -9.781000524940980E-004
  4.159105225511000E-015  2.807387699135150E-003  2.637878030891779E-015
  2.807387699135150E-003  6.036432111278273E-015  3.249255590286304E-015
  2.637878030891779E-015  3.249255590286304E-015 -7.283868213296011E-016
  3.527722083054647E-015  2.637878030891779E-015  1.587720776545632E-003
  2.637878030891779E-015 -1.363485715360359E-015  2.322120573985475E-015
  1.587720776545632E-003  2.322120573985475E-015  3.315143921900939E-015
  4.159105225511000E-015  2.807387699135150E-003  2.637878030891779E-015
  2.807387699135150E-003  6.036432111278273E-015  3.249255590286304E-015
  2.637878030891779E-015  3.249255590286304E-015 -7.283868213296011E-016
 -2.075191598940636E-003  6.036432111278272E-015 -1.363485715360358E-015
  6.036432111278272E-015  5.117387264910043E-003  5.859988867185514E-015
 -1.363485715360358E-015  5.859988867185514E-015 -1.505378522454393E-003
 -1.241326224991745E-015  3.249255590286304E-015  2.322120573985475E-015
  3.249255590286304E-015  5.859988867185512E-015  2.354955940730112E-003
  2.322120573985475E-015  2.354955940730112E-003  3.796587186866727E-015
  3.527722083054647E-015  2.637878030891779E-015  1.587720776545632E-003
  2.637878030891779E-015 -1.363485715360359E-015  2.322120573985475E-015
  1.587720776545632E-003  2.322120573985475E-015  3.315143921900939E-015
 -1.241326224991745E-015  3.249255590286304E-015  2.322120573985475E-015
  3.249255590286304E-015  5.859988867185512E-015  2.354955940730112E-003
  2.322120573985475E-015  2.354955940730112E-003  3.796587186866727E-015
 -9.781000524940972E-004 -7.283868213296016E-016  3.315143921900938E-015
 -7.283868213296016E-016 -1.505378522454393E-003  3.796587186866725E-015
  3.315143921900938E-015  3.796587186866725E-015  1.998157542646911E-003
 CC_ref
   18.2897083385785       1.716829897982325E-011  1.609023052081471E-011
  1.716829897982325E-011   23.4644749658648       1.675737961452364E-011
  1.609023052081471E-011  1.675737961452364E-011   15.7169440350716     
  1.716829897982325E-011  0.248706658205342       1.782466759461679E-013
  0.248706658205342       2.249296196839769E-011  2.195586761324416E-013
  1.782466759461679E-013  2.195586761324416E-013  1.475186366724509E-011
  1.609023052081471E-011  1.782466759461679E-013  0.166291333406674     
  1.782466759461679E-013  2.064138122784963E-011  1.569103152672004E-013
  0.166291333406674       1.569103152672004E-013  1.411961775756133E-011
  1.716829897982325E-011  0.248706658205342       1.782466759461679E-013
  0.248706658205342       2.249296196839769E-011  2.195586761324416E-013
  1.782466759461679E-013  2.195586761324416E-013  1.475186366724509E-011
   23.4644749658648       2.249296196839769E-011  2.064138122784963E-011
  2.249296196839769E-011   31.3932094845768       2.242164475409577E-011
  2.064138122784963E-011  2.242164475409577E-011   20.5907146348307     
  1.675737961452364E-011  2.195586761324416E-013  1.569103152672004E-013
  2.195586761324416E-013  2.242164475409577E-011  0.218134942577425     
  1.569103152672004E-013  0.218134942577425       1.501791486078847E-011
  1.609023052081471E-011  1.782466759461679E-013  0.166291333406674     
  1.782466759461679E-013  2.064138122784963E-011  1.569103152672004E-013
  0.166291333406674       1.569103152672004E-013  1.411961775756133E-011
  1.675737961452364E-011  2.195586761324416E-013  1.569103152672004E-013
  2.195586761324416E-013  2.242164475409577E-011  0.218134942577425     
  1.569103152672004E-013  0.218134942577425       1.501791486078847E-011
   15.7169440350716       1.475186366724509E-011  1.411961775756133E-011
  1.475186366724509E-011   20.5907146348307       1.501791486078847E-011
  1.411961775756133E-011  1.501791486078847E-011   14.0837500383437     
 DDSDDE
   19.5924067460890        19.5877230615291        19.5882363751711     
 -3.285171601933380E-016 -2.720347689862768E-016 -4.344694955083152E-016
   19.5877230615290        19.5926197992192        19.5880233220940     
 -1.606893661927170E-016  3.263424846584679E-016  2.004031639828740E-016
   19.5882363751711        19.5880233220940        19.5921064855633     
  4.892069021527061E-016 -5.430730387155339E-017  2.340667552425626E-016
 -3.285171601842020E-016 -1.606893661919658E-016  4.892069021538029E-016
  2.390268681442403E-003  2.299296608229293E-016 -2.083456506419297E-016
 -2.720347689810739E-016  3.263424846549632E-016 -5.430730387559591E-017
  2.299296608228084E-016  2.002875874482196E-003 -3.082733996308076E-016
 -4.344694955136712E-016  2.004031639804254E-016  2.340667552425626E-016
 -2.083456506419512E-016 -3.082733996307859E-016  2.169487952089988E-003

               CONVERGENCE CHECKS FOR EQUILIBRIUM ITERATION     1


 AVERAGE FORCE                      0.483       TIME AVG. FORCE       0.483    
 LARGEST RESIDUAL FORCE              2.24       AT NODE        379   DOF  2
   INSTANCE: PART-1-1                                                                        
 LARGEST INCREMENT OF DISP.         -5.44       AT NODE         73   DOF  2
   INSTANCE: PART-1-1                                                                        
 LARGEST CORRECTION TO DISP.        -5.44       AT NODE         73   DOF  2
   INSTANCE: PART-1-1                                                                        
          FORCE     EQUILIBRIUM NOT ACHIEVED WITHIN TOLERANCE.

  NUMBER OF EQUATIONS =      3888     NUMBER OF RHS =    1
  NUMBER OF FLOATING PT. OPERATIONS =  1.46E+08

     CHECK POINT   START OF SOLVER    

     CHECK POINT  END OF SOLVER       

       ELAPSED USER TIME (SEC)      =  4.00000E-02
       ELAPSED SYSTEM TIME (SEC)    =  1.00000E-02
       ELAPSED TOTAL CPU TIME (SEC) =  5.00000E-02
       ELAPSED WALLCLOCK TIME (SEC) =          0
 

 ***WARNING: THE SYSTEM MATRIX HAS 391 NEGATIVE EIGENVALUES.

     NEGATIVE EIGENVALUES MEAN THAT THE SYSTEM MATRIX IS NOT 
     POSITIVE DEFINITE:
     FOR EXAMPLE, A BIFURCATION (BUCKLING) LOAD MAY HAVE BEEN EXCEEDED.
 ***************************************************
 deformation gradient
   1.01999999999989       5.105915690249836E-013 -6.969563814960779E-013
 -9.587122762331057E-013  0.895685153748907       6.847942352060075E-013
 -1.635705459967648E-013 -1.180611164386100E-012   1.09466373708891     
 J
   1.00008353881088     
 C
   1.04039999999977      -5.205572337530999E-013 -9.297748340737425E-013
 -5.205572337530999E-013  0.802251894646202      -3.078364756431352E-013
 -9.297748340737425E-013 -3.078364756431352E-013   1.19828869729745     
 Chat
   1.04034206151223      -5.205282446154577E-013 -9.297230561540567E-013
 -5.205282446154577E-013  0.802207218308828      -3.078193326406273E-013
 -9.297230561540567E-013 -3.078193326406273E-013   1.19822196619906     
 I1hat, I2hat, I4ahat, I4shat
   3.04077124602012        3.04235293214126        1.04034206151223     
  0.802207218308828     
 S^hat
  2.992367184908732E-003  4.549051221109274E-016  8.125126441535391E-016
  4.549051221109274E-016  3.675074044012332E-003  2.690124744459072E-016
  8.125126441535391E-016  2.690124744459072E-016  2.421647514297935E-003
 S_iso
  1.205717201184662E-004 -1.408434173667687E-015 -1.415683648697179E-015
 -1.408434173667687E-015 -4.920113330435650E-005 -6.877041308196141E-016
 -1.415683648697179E-015 -6.877041308196141E-016 -7.174513329635552E-005
 S
  1.726603815646276E-003 -3.663280340047456E-016 -1.695330102871032E-016
 -3.663280340047456E-016  2.033580849932529E-003 -1.526442018562038E-016
 -1.695330102871032E-016 -1.526442018562038E-016  1.322673253487440E-003
 sigma
  1.796208556671081E-003 -1.181601752218527E-015 -1.653420967466503E-015
 -1.181601752218527E-015  1.631307812259797E-003 -6.116815511988864E-016
 -1.653420967466503E-015 -6.116815511988864E-016  1.584812016560318E-003
 Psi24a
  4.808172206684196E-005
 CChat
  4.617870260723156E-003  7.023952591419937E-016  1.254558371640420E-015
  7.023952591419937E-016  7.417273035236307E-003  4.153681229704560E-016
  1.254558371640420E-015  4.153681229704560E-016  5.492908788719574E-003
  7.023952591419937E-016 -8.738324233287216E-004  1.908570247912485E-028
 -8.738324233287216E-004  8.625180428299749E-016  6.319030340502051E-029
  1.908570247912485E-028  6.319030340502051E-029  5.698426062286779E-016
  1.254558371640420E-015  1.908570247912485E-028 -8.738324233287216E-004
  1.908570247912485E-028  1.540556000684091E-015  1.128651184805912E-028
 -8.738324233287216E-004  1.128651184805912E-028  1.017804153511608E-015
  7.023952591419937E-016 -8.738324233287216E-004  1.908570247912485E-028
 -8.738324233287216E-004  8.625180428299749E-016  6.319030340502051E-029
  1.908570247912485E-028  6.319030340502051E-029  5.698426062286779E-016
  7.417273035236307E-003  8.625180428299749E-016  1.540556000684091E-015
  8.625180428299749E-016  6.962084283584320E-003  5.100582553989205E-016
  1.540556000684091E-015  5.100582553989205E-016  6.346988485147280E-003
  4.153681229704560E-016  6.319030340502051E-029  1.128651184805912E-028
  6.319030340502051E-029  5.100582553989205E-016 -8.738324233287216E-004
  1.128651184805912E-028 -8.738324233287216E-004  3.369818498304376E-016
  1.254558371640420E-015  1.908570247912485E-028 -8.738324233287216E-004
  1.908570247912485E-028  1.540556000684091E-015  1.128651184805912E-028
 -8.738324233287216E-004  1.128651184805912E-028  1.017804153511608E-015
  4.153681229704560E-016  6.319030340502051E-029  1.128651184805912E-028
  6.319030340502051E-029  5.100582553989205E-016 -8.738324233287216E-004
  1.128651184805912E-028 -8.738324233287216E-004  3.369818498304376E-016
  5.492908788719574E-003  5.698426062286779E-016  1.017804153511608E-015
  5.698426062286779E-016  6.346988485147280E-003  3.369818498304376E-016
  1.017804153511608E-015  3.369818498304376E-016  3.039091783574352E-003
 dShat/dC
 -4.683952917624405E-004 -1.318489901064807E-016 -2.354973957718316E-016
 -1.318489901064807E-016  3.593355366429177E-004 -7.797015544065316E-017
 -2.354973957718316E-016 -7.797015544065316E-017  4.319174440946488E-004
 -1.450992802233291E-015 -4.369405443001574E-004 -4.644187317424646E-028
 -4.369405443001574E-004 -1.742112102187155E-015 -1.537630621554509E-028
 -4.644187317424646E-028 -1.537630621554509E-028 -1.216995803121482E-015
 -1.527768788327024E-015 -2.793863452967135E-028 -4.369405443001574E-004
 -2.793863452967135E-028 -1.828625254517935E-015 -1.652177749195367E-028
 -4.369405443001574E-004 -1.652177749195367E-028 -1.287081199956584E-015
 -1.450992802233291E-015 -4.369405443001574E-004 -4.644187317424646E-028
 -4.369405443001574E-004 -1.742112102187155E-015 -1.537630621554509E-028
 -4.644187317424646E-028 -1.537630621554509E-028 -1.216995803121482E-015
  1.068966194689965E-004 -1.951811120547011E-016 -3.486158184117401E-016
 -1.951811120547011E-016 -8.625712790594224E-004 -1.154222086471375E-016
 -3.486158184117401E-016 -1.154222086471375E-016  1.718664428692115E-004
 -7.176327172512875E-016 -1.293396950615232E-028 -2.310155074552551E-028
 -1.293396950615232E-028 -8.608666573187614E-016 -4.369405443001574E-004
 -2.310155074552551E-028 -4.369405443001574E-004 -6.026535306553212E-016
 -1.527768788327024E-015 -2.793863452967135E-028 -4.369405443001574E-004
 -2.793863452967135E-028 -1.828625254517935E-015 -1.652177749195367E-028
 -4.369405443001574E-004 -1.652177749195367E-028 -1.287081199956584E-015
 -7.176327172512875E-016 -1.293396950615232E-028 -2.310155074552551E-028
 -1.293396950615232E-028 -8.608666573187614E-016 -4.369405443001574E-004
 -2.310155074552551E-028 -4.369405443001574E-004 -6.026535306553212E-016
  3.351113872628849E-004 -1.344793296948482E-016 -2.401954835050470E-016
 -1.344793296948482E-016  2.655006591644232E-004 -7.952563179584624E-017
 -2.401954835050470E-016 -7.952563179584624E-017 -4.900716370675104E-004
 CCvol
   18.4784520595049       1.199011426751647E-011  1.433777998266863E-011
  1.199011426751647E-011   23.9677758509694       6.157243795771818E-012
  1.433777998266863E-011  6.157243795771818E-012   16.0463781643454     
  1.199011426751647E-011 -2.001905020412671E-003 -5.142828905070239E-016
 -2.001905020412671E-003  1.554937416436109E-011 -1.553315914267432E-015
 -5.142828905070239E-016 -1.553315914267432E-015  1.041201433706227E-011
  1.433777998266863E-011 -5.142828905070239E-016 -1.340271421361113E-003
 -5.142828905070239E-016  1.859704999739711E-011 -8.696619907113152E-016
 -1.340271421361113E-003 -8.696619907113152E-016  1.244860802543506E-011
  1.199011426751647E-011 -2.001905020412671E-003 -5.142828905070239E-016
 -2.001905020412671E-003  1.554937416436109E-011 -1.553315914267432E-015
 -5.142828905070239E-016 -1.553315914267432E-015  1.041201433706227E-011
   23.9677758509694       1.554937416436109E-011  1.859704999739711E-011
  1.554937416436109E-011   31.0774067319239       7.983684885015167E-012
  1.859704999739711E-011  7.983684885015167E-012   20.8097381303708     
  6.157243795771818E-012 -1.553315914267432E-015 -8.696619907113152E-016
 -1.553315914267432E-015  7.983684885015167E-012 -1.738130375371368E-003
 -8.696619907113152E-016 -1.738130375371368E-003  5.345061118999920E-012
  1.433777998266863E-011 -5.142828905070239E-016 -1.340271421361113E-003
 -5.142828905070239E-016  1.859704999739711E-011 -8.696619907113152E-016
 -1.340271421361113E-003 -8.696619907113152E-016  1.244860802543506E-011
  6.157243795771818E-012 -1.553315914267432E-015 -8.696619907113152E-016
 -1.553315914267432E-015  7.983684885015167E-012 -1.738130375371368E-003
 -8.696619907113152E-016 -1.738130375371368E-003  5.345061118999920E-012
   16.0463781643454       1.041201433706227E-011  1.244860802543506E-011
  1.041201433706227E-011   20.8097381303708       5.345061118999920E-012
  1.244860802543506E-011  5.345061118999920E-012   13.9297508547427     
 CCiso
  2.436405239162206E-003  2.877675561147277E-015  3.113405335269403E-015
  2.877675561147277E-015 -2.034472180762846E-003 -4.306276009957614E-016
  3.113405335269403E-015 -4.306276009957614E-016 -9.545448610079995E-004
  2.877675561147276E-015  2.755809822489120E-003  9.324433079632525E-016
  2.755809822489120E-003  4.096581281703644E-015  2.816307976922290E-015
  9.324433079632525E-016  2.816307976922290E-015 -4.960754543354232E-016
  3.113405335269400E-015  9.324433079632525E-016  1.556205826353979E-003
  9.324433079632525E-016 -1.187487519230320E-015  1.576779061056111E-015
  1.556205826353979E-003  1.576779061056111E-015  2.869664749957577E-015
  2.877675561147276E-015  2.755809822489120E-003  9.324433079632525E-016
  2.755809822489120E-003  4.096581281703644E-015  2.816307976922290E-015
  9.324433079632525E-016  2.816307976922290E-015 -4.960754543354232E-016
 -2.034472180762846E-003  4.096581281703644E-015 -1.187487519230320E-015
  4.096581281703644E-015  4.944329649803863E-003  2.043484226116114E-015
 -1.187487519230320E-015  2.043484226116114E-015 -1.461693402954859E-003
 -4.306276009957616E-016  2.816307976922290E-015  1.576779061056111E-015
  2.816307976922290E-015  2.043484226116114E-015  2.277561561330277E-003
  1.576779061056111E-015  2.277561561330277E-003  1.323785603818837E-015
  3.113405335269400E-015  9.324433079632525E-016  1.556205826353979E-003
  9.324433079632525E-016 -1.187487519230320E-015  1.576779061056111E-015
  1.556205826353979E-003  1.576779061056111E-015  2.869664749957577E-015
 -4.306276009957616E-016  2.816307976922290E-015  1.576779061056111E-015
